1.920000000000000179e-02
1.760000000000000106e-02
1.839999999999999969e-02
1.920000000000000179e-02
1.920000000000000179e-02
1.839999999999999969e-02
1.760000000000000106e-02
1.760000000000000106e-02
1.680000000000000243e-02
1.760000000000000106e-02
1.680000000000000243e-02
1.680000000000000243e-02
1.680000000000000243e-02
1.519999999999999997e-02
1.519999999999999997e-02
1.519999999999999997e-02
1.360000000000000098e-02
1.360000000000000098e-02
1.280000000000000061e-02
1.200000000000000025e-02
1.119999999999999989e-02
1.119999999999999989e-02
8.800000000000000530e-03
8.000000000000000167e-03
7.200000000000000670e-03
5.599999999999999943e-03
4.800000000000000447e-03
3.200000000000000153e-03
2.400000000000000223e-03
8.000000000000000383e-04
0.000000000000000000e+00
-2.400000000000000223e-03
-4.000000000000000083e-03
-5.599999999999999943e-03
-7.200000000000000670e-03
-9.600000000000000894e-03
-1.040000000000000126e-02
-1.200000000000000025e-02
-1.440000000000000134e-02
-1.680000000000000243e-02
-1.920000000000000179e-02
-2.000000000000000042e-02
-2.239999999999999977e-02
-2.480000000000000260e-02
-2.560000000000000123e-02
-2.639999999999999986e-02
-2.880000000000000268e-02
-3.039999999999999994e-02
-3.039999999999999994e-02
-3.120000000000000204e-02
-3.039999999999999994e-02
-3.120000000000000204e-02
-3.120000000000000204e-02
-3.120000000000000204e-02
-2.800000000000000058e-02
-2.800000000000000058e-02
-2.639999999999999986e-02
-2.400000000000000050e-02
-2.320000000000000187e-02
-2.000000000000000042e-02
-1.839999999999999969e-02
-1.600000000000000033e-02
-1.200000000000000025e-02
-1.040000000000000126e-02
-8.800000000000000530e-03
-4.800000000000000447e-03
-2.400000000000000223e-03
-8.000000000000000383e-04
1.600000000000000077e-03
4.000000000000000083e-03
4.800000000000000447e-03
7.200000000000000670e-03
8.800000000000000530e-03
9.600000000000000894e-03
1.119999999999999989e-02
1.119999999999999989e-02
1.119999999999999989e-02
1.280000000000000061e-02
1.280000000000000061e-02
1.280000000000000061e-02
1.280000000000000061e-02
1.280000000000000061e-02
1.119999999999999989e-02
1.119999999999999989e-02
1.040000000000000126e-02
1.040000000000000126e-02
8.000000000000000167e-03
6.400000000000000307e-03
4.800000000000000447e-03
4.000000000000000083e-03
8.000000000000000383e-04
-1.600000000000000077e-03
-3.200000000000000153e-03
-5.599999999999999943e-03
-7.200000000000000670e-03
-1.040000000000000126e-02
-1.280000000000000061e-02
-1.519999999999999997e-02
-1.680000000000000243e-02
-1.839999999999999969e-02
-2.080000000000000251e-02
-2.160000000000000114e-02
-2.160000000000000114e-02
-2.239999999999999977e-02
-2.239999999999999977e-02
-2.239999999999999977e-02
-2.160000000000000114e-02
-2.000000000000000042e-02
-1.839999999999999969e-02
-1.600000000000000033e-02
-1.440000000000000134e-02
-1.200000000000000025e-02
-8.000000000000000167e-03
-5.599999999999999943e-03
-4.000000000000000083e-03
-8.000000000000000383e-04
8.000000000000000383e-04
3.200000000000000153e-03
4.000000000000000083e-03
7.200000000000000670e-03
8.000000000000000167e-03
8.000000000000000167e-03
1.040000000000000126e-02
1.040000000000000126e-02
1.119999999999999989e-02
1.119999999999999989e-02
1.119999999999999989e-02
1.040000000000000126e-02
1.119999999999999989e-02
9.600000000000000894e-03
8.000000000000000167e-03
6.400000000000000307e-03
4.000000000000000083e-03
3.200000000000000153e-03
2.400000000000000223e-03
0.000000000000000000e+00
-2.400000000000000223e-03
-5.599999999999999943e-03
-7.200000000000000670e-03
-9.600000000000000894e-03
-1.280000000000000061e-02
-1.440000000000000134e-02
-1.600000000000000033e-02
-1.839999999999999969e-02
-1.920000000000000179e-02
-2.080000000000000251e-02
-2.160000000000000114e-02
-2.160000000000000114e-02
-2.160000000000000114e-02
-2.000000000000000042e-02
-1.920000000000000179e-02
-1.760000000000000106e-02
-1.440000000000000134e-02
-1.200000000000000025e-02
-9.600000000000000894e-03
-8.000000000000000167e-03
-5.599999999999999943e-03
-3.200000000000000153e-03
-8.000000000000000383e-04
1.600000000000000077e-03
4.800000000000000447e-03
6.400000000000000307e-03
6.400000000000000307e-03
8.000000000000000167e-03
9.600000000000000894e-03
9.600000000000000894e-03
1.119999999999999989e-02
1.119999999999999989e-02
1.119999999999999989e-02
1.040000000000000126e-02
1.040000000000000126e-02
9.600000000000000894e-03
8.800000000000000530e-03
8.800000000000000530e-03
6.400000000000000307e-03
5.599999999999999943e-03
3.200000000000000153e-03
8.000000000000000383e-04
-8.000000000000000383e-04
-2.400000000000000223e-03
-5.599999999999999943e-03
-8.000000000000000167e-03
-9.600000000000000894e-03
-1.200000000000000025e-02
-1.519999999999999997e-02
-1.600000000000000033e-02
-1.839999999999999969e-02
-2.000000000000000042e-02
-2.160000000000000114e-02
-2.160000000000000114e-02
-2.239999999999999977e-02
-2.160000000000000114e-02
-2.160000000000000114e-02
-2.080000000000000251e-02
-1.920000000000000179e-02
-1.839999999999999969e-02
-1.680000000000000243e-02
-1.360000000000000098e-02
-1.280000000000000061e-02
-1.040000000000000126e-02
-7.200000000000000670e-03
-5.599999999999999943e-03
-3.200000000000000153e-03
0.000000000000000000e+00
1.600000000000000077e-03
4.000000000000000083e-03
5.599999999999999943e-03
6.400000000000000307e-03
8.000000000000000167e-03
9.600000000000000894e-03
1.040000000000000126e-02
1.200000000000000025e-02
1.200000000000000025e-02
1.200000000000000025e-02
1.280000000000000061e-02
1.280000000000000061e-02
1.280000000000000061e-02
1.200000000000000025e-02
1.280000000000000061e-02
1.040000000000000126e-02
1.040000000000000126e-02
1.040000000000000126e-02
7.200000000000000670e-03
7.200000000000000670e-03
6.400000000000000307e-03
3.200000000000000153e-03
2.400000000000000223e-03
8.000000000000000383e-04
-1.600000000000000077e-03
-2.400000000000000223e-03
-4.800000000000000447e-03
-8.000000000000000167e-03
-9.600000000000000894e-03
-1.200000000000000025e-02
-1.440000000000000134e-02
-1.600000000000000033e-02
-1.839999999999999969e-02
-2.000000000000000042e-02
-2.080000000000000251e-02
-2.320000000000000187e-02
-2.480000000000000260e-02
-2.639999999999999986e-02
-2.720000000000000195e-02
-2.800000000000000058e-02
-2.800000000000000058e-02
-3.039999999999999994e-02
-2.880000000000000268e-02
-2.880000000000000268e-02
-2.880000000000000268e-02
-2.720000000000000195e-02
-2.639999999999999986e-02
-2.560000000000000123e-02
-2.480000000000000260e-02
-2.239999999999999977e-02
-2.080000000000000251e-02
-1.920000000000000179e-02
-1.680000000000000243e-02
-1.519999999999999997e-02
-1.440000000000000134e-02
-1.119999999999999989e-02
-1.040000000000000126e-02
-7.200000000000000670e-03
-4.800000000000000447e-03
-4.000000000000000083e-03
-2.400000000000000223e-03
-8.000000000000000383e-04
8.000000000000000383e-04
2.400000000000000223e-03
3.200000000000000153e-03
4.000000000000000083e-03
4.800000000000000447e-03
7.200000000000000670e-03
8.800000000000000530e-03
9.600000000000000894e-03
1.040000000000000126e-02
1.119999999999999989e-02
1.200000000000000025e-02
1.280000000000000061e-02
1.280000000000000061e-02
1.440000000000000134e-02
1.440000000000000134e-02
1.440000000000000134e-02
1.519999999999999997e-02
1.600000000000000033e-02
1.600000000000000033e-02
1.680000000000000243e-02
1.839999999999999969e-02
1.680000000000000243e-02
1.680000000000000243e-02
1.839999999999999969e-02
1.760000000000000106e-02
1.760000000000000106e-02
1.760000000000000106e-02
1.760000000000000106e-02
1.839999999999999969e-02
1.760000000000000106e-02
1.760000000000000106e-02
1.839999999999999969e-02
1.920000000000000179e-02
1.760000000000000106e-02
1.760000000000000106e-02
1.760000000000000106e-02
1.839999999999999969e-02
1.760000000000000106e-02
1.760000000000000106e-02
1.760000000000000106e-02
1.839999999999999969e-02
1.839999999999999969e-02
1.839999999999999969e-02
1.760000000000000106e-02
1.760000000000000106e-02
1.760000000000000106e-02
1.760000000000000106e-02
1.839999999999999969e-02
1.760000000000000106e-02
1.760000000000000106e-02
1.839999999999999969e-02
1.680000000000000243e-02
1.760000000000000106e-02
1.760000000000000106e-02
1.760000000000000106e-02
1.760000000000000106e-02
1.760000000000000106e-02
1.760000000000000106e-02
1.760000000000000106e-02
1.839999999999999969e-02
1.760000000000000106e-02
1.839999999999999969e-02
1.839999999999999969e-02
1.760000000000000106e-02
1.839999999999999969e-02
1.839999999999999969e-02
1.839999999999999969e-02
1.839999999999999969e-02
1.920000000000000179e-02
1.839999999999999969e-02
1.839999999999999969e-02
1.839999999999999969e-02
1.839999999999999969e-02
2.000000000000000042e-02
1.920000000000000179e-02
1.920000000000000179e-02
1.839999999999999969e-02
1.920000000000000179e-02
1.839999999999999969e-02
1.839999999999999969e-02
1.920000000000000179e-02
1.839999999999999969e-02
1.839999999999999969e-02
1.760000000000000106e-02
1.839999999999999969e-02
1.760000000000000106e-02
1.760000000000000106e-02
1.680000000000000243e-02
1.680000000000000243e-02
1.680000000000000243e-02
1.600000000000000033e-02
1.519999999999999997e-02
1.519999999999999997e-02
1.440000000000000134e-02
1.360000000000000098e-02
1.519999999999999997e-02
1.119999999999999989e-02
1.119999999999999989e-02
1.119999999999999989e-02
9.600000000000000894e-03
8.800000000000000530e-03
7.200000000000000670e-03
6.400000000000000307e-03
4.800000000000000447e-03
3.200000000000000153e-03
2.400000000000000223e-03
1.600000000000000077e-03
-1.600000000000000077e-03
-3.200000000000000153e-03
-4.800000000000000447e-03
-5.599999999999999943e-03
-8.000000000000000167e-03
-1.040000000000000126e-02
-1.200000000000000025e-02
-1.440000000000000134e-02
-1.519999999999999997e-02
-1.760000000000000106e-02
-2.000000000000000042e-02
-2.160000000000000114e-02
-2.320000000000000187e-02
-2.560000000000000123e-02
-2.639999999999999986e-02
-2.720000000000000195e-02
-2.880000000000000268e-02
-2.960000000000000131e-02
-3.039999999999999994e-02
-3.039999999999999994e-02
-2.960000000000000131e-02
-2.880000000000000268e-02
-2.880000000000000268e-02
-2.800000000000000058e-02
-2.639999999999999986e-02
-2.480000000000000260e-02
-2.239999999999999977e-02
-2.080000000000000251e-02
-1.839999999999999969e-02
-1.519999999999999997e-02
-1.440000000000000134e-02
-1.119999999999999989e-02
-8.800000000000000530e-03
-5.599999999999999943e-03
-4.000000000000000083e-03
-1.600000000000000077e-03
8.000000000000000383e-04
2.400000000000000223e-03
4.000000000000000083e-03
6.400000000000000307e-03
8.000000000000000167e-03
9.600000000000000894e-03
9.600000000000000894e-03
1.040000000000000126e-02
1.119999999999999989e-02
1.119999999999999989e-02
1.280000000000000061e-02
1.280000000000000061e-02
1.280000000000000061e-02
1.200000000000000025e-02
1.200000000000000025e-02
1.119999999999999989e-02
1.040000000000000126e-02
9.600000000000000894e-03
7.200000000000000670e-03
6.400000000000000307e-03
4.800000000000000447e-03
3.200000000000000153e-03
8.000000000000000383e-04
-8.000000000000000383e-04
-4.000000000000000083e-03
-5.599999999999999943e-03
-8.000000000000000167e-03
-1.119999999999999989e-02
-1.360000000000000098e-02
-1.440000000000000134e-02
-1.760000000000000106e-02
-1.839999999999999969e-02
-2.000000000000000042e-02
-2.160000000000000114e-02
-2.239999999999999977e-02
-2.239999999999999977e-02
-2.239999999999999977e-02
-2.160000000000000114e-02
-2.080000000000000251e-02
-2.000000000000000042e-02
-1.760000000000000106e-02
-1.440000000000000134e-02
-1.280000000000000061e-02
-1.040000000000000126e-02
-8.000000000000000167e-03
-5.599999999999999943e-03
-3.200000000000000153e-03
0.000000000000000000e+00
1.600000000000000077e-03
4.000000000000000083e-03
5.599999999999999943e-03
7.200000000000000670e-03
9.600000000000000894e-03
1.119999999999999989e-02
1.040000000000000126e-02
1.040000000000000126e-02
1.119999999999999989e-02
1.119999999999999989e-02
1.119999999999999989e-02
1.040000000000000126e-02
1.040000000000000126e-02
9.600000000000000894e-03
8.000000000000000167e-03
6.400000000000000307e-03
4.800000000000000447e-03
3.200000000000000153e-03
8.000000000000000383e-04
-1.600000000000000077e-03
-4.000000000000000083e-03
-6.400000000000000307e-03
-8.800000000000000530e-03
-1.119999999999999989e-02
-1.280000000000000061e-02
-1.519999999999999997e-02
-1.680000000000000243e-02
-1.920000000000000179e-02
-2.000000000000000042e-02
-1.920000000000000179e-02
-2.080000000000000251e-02
-2.080000000000000251e-02
-2.080000000000000251e-02
-1.920000000000000179e-02
-1.760000000000000106e-02
-1.519999999999999997e-02
-1.360000000000000098e-02
-1.040000000000000126e-02
-8.800000000000000530e-03
-6.400000000000000307e-03
-3.200000000000000153e-03
-1.600000000000000077e-03
8.000000000000000383e-04
3.200000000000000153e-03
4.800000000000000447e-03
6.400000000000000307e-03
8.000000000000000167e-03
8.800000000000000530e-03
1.040000000000000126e-02
1.040000000000000126e-02
1.119999999999999989e-02
1.119999999999999989e-02
1.119999999999999989e-02
1.119999999999999989e-02
1.119999999999999989e-02
9.600000000000000894e-03
8.000000000000000167e-03
6.400000000000000307e-03
6.400000000000000307e-03
3.200000000000000153e-03
2.400000000000000223e-03
0.000000000000000000e+00
-1.600000000000000077e-03
-5.599999999999999943e-03
-7.200000000000000670e-03
-1.040000000000000126e-02
-1.200000000000000025e-02
-1.280000000000000061e-02
-1.519999999999999997e-02
-1.839999999999999969e-02
-2.000000000000000042e-02
-2.160000000000000114e-02
-2.160000000000000114e-02
-2.239999999999999977e-02
-2.320000000000000187e-02
-2.160000000000000114e-02
-2.080000000000000251e-02
-2.080000000000000251e-02
-1.760000000000000106e-02
-1.760000000000000106e-02
-1.440000000000000134e-02
-1.280000000000000061e-02
-1.040000000000000126e-02
-8.000000000000000167e-03
-5.599999999999999943e-03
-3.200000000000000153e-03
-1.600000000000000077e-03
8.000000000000000383e-04
3.200000000000000153e-03
5.599999999999999943e-03
6.400000000000000307e-03
8.000000000000000167e-03
9.600000000000000894e-03
9.600000000000000894e-03
1.119999999999999989e-02
1.119999999999999989e-02
1.280000000000000061e-02
1.360000000000000098e-02
1.280000000000000061e-02
1.280000000000000061e-02
1.280000000000000061e-02
1.119999999999999989e-02
1.119999999999999989e-02
1.119999999999999989e-02
9.600000000000000894e-03
8.800000000000000530e-03
8.000000000000000167e-03
6.400000000000000307e-03
5.599999999999999943e-03
2.400000000000000223e-03
1.600000000000000077e-03
-8.000000000000000383e-04
-2.400000000000000223e-03
-4.800000000000000447e-03
-7.200000000000000670e-03
-9.600000000000000894e-03
-1.200000000000000025e-02
-1.360000000000000098e-02
-1.519999999999999997e-02
-1.839999999999999969e-02
-1.920000000000000179e-02
-2.080000000000000251e-02
-2.320000000000000187e-02
-2.560000000000000123e-02
-2.639999999999999986e-02
-2.720000000000000195e-02
-2.720000000000000195e-02
-2.880000000000000268e-02
-2.800000000000000058e-02
-2.880000000000000268e-02
-2.880000000000000268e-02
-2.880000000000000268e-02
-2.720000000000000195e-02
-2.639999999999999986e-02
-2.480000000000000260e-02
-2.400000000000000050e-02
-2.239999999999999977e-02
-2.080000000000000251e-02
-2.000000000000000042e-02
-1.760000000000000106e-02
-1.600000000000000033e-02
-1.519999999999999997e-02
-1.200000000000000025e-02
-9.600000000000000894e-03
-8.000000000000000167e-03
-6.400000000000000307e-03
-4.800000000000000447e-03
-3.200000000000000153e-03
-1.600000000000000077e-03
-8.000000000000000383e-04
8.000000000000000383e-04
3.200000000000000153e-03
4.000000000000000083e-03
5.599999999999999943e-03
7.200000000000000670e-03
8.000000000000000167e-03
8.800000000000000530e-03
1.040000000000000126e-02
1.040000000000000126e-02
1.119999999999999989e-02
1.280000000000000061e-02
1.360000000000000098e-02
1.440000000000000134e-02
1.519999999999999997e-02
1.440000000000000134e-02
1.519999999999999997e-02
1.680000000000000243e-02
1.680000000000000243e-02
1.680000000000000243e-02
1.680000000000000243e-02
1.760000000000000106e-02
1.680000000000000243e-02
1.760000000000000106e-02
1.680000000000000243e-02
1.760000000000000106e-02
1.760000000000000106e-02
1.839999999999999969e-02
1.839999999999999969e-02
1.839999999999999969e-02
1.680000000000000243e-02
1.920000000000000179e-02
1.920000000000000179e-02
1.839999999999999969e-02
1.680000000000000243e-02
1.839999999999999969e-02
1.839999999999999969e-02
1.839999999999999969e-02
1.839999999999999969e-02
1.839999999999999969e-02
1.760000000000000106e-02
1.760000000000000106e-02
1.760000000000000106e-02
1.839999999999999969e-02
1.760000000000000106e-02
1.760000000000000106e-02
1.760000000000000106e-02
1.760000000000000106e-02
1.760000000000000106e-02
1.760000000000000106e-02
1.680000000000000243e-02
1.680000000000000243e-02
1.760000000000000106e-02
1.760000000000000106e-02
1.680000000000000243e-02
1.920000000000000179e-02
1.839999999999999969e-02
1.760000000000000106e-02
1.839999999999999969e-02
1.760000000000000106e-02
1.760000000000000106e-02
1.760000000000000106e-02
1.760000000000000106e-02
1.760000000000000106e-02
1.839999999999999969e-02
1.760000000000000106e-02
1.760000000000000106e-02
1.839999999999999969e-02
1.839999999999999969e-02
1.839999999999999969e-02
1.839999999999999969e-02
1.839999999999999969e-02
1.839999999999999969e-02
1.920000000000000179e-02
1.839999999999999969e-02
1.839999999999999969e-02
1.920000000000000179e-02
1.920000000000000179e-02
1.920000000000000179e-02
1.920000000000000179e-02
1.839999999999999969e-02
1.839999999999999969e-02
2.000000000000000042e-02
1.839999999999999969e-02
1.839999999999999969e-02
1.760000000000000106e-02
1.760000000000000106e-02
1.680000000000000243e-02
1.760000000000000106e-02
1.680000000000000243e-02
1.600000000000000033e-02
1.680000000000000243e-02
1.440000000000000134e-02
1.440000000000000134e-02
1.440000000000000134e-02
1.360000000000000098e-02
1.200000000000000025e-02
1.200000000000000025e-02
1.040000000000000126e-02
9.600000000000000894e-03
9.600000000000000894e-03
7.200000000000000670e-03
7.200000000000000670e-03
5.599999999999999943e-03
3.200000000000000153e-03
8.000000000000000383e-04
1.600000000000000077e-03
-8.000000000000000383e-04
-2.400000000000000223e-03
-4.000000000000000083e-03
-5.599999999999999943e-03
-8.000000000000000167e-03
-9.600000000000000894e-03
-1.119999999999999989e-02
-1.360000000000000098e-02
-1.600000000000000033e-02
-1.839999999999999969e-02
-1.920000000000000179e-02
-2.160000000000000114e-02
-2.320000000000000187e-02
-2.480000000000000260e-02
-2.639999999999999986e-02
-2.720000000000000195e-02
-2.880000000000000268e-02
-2.960000000000000131e-02
-3.039999999999999994e-02
-3.120000000000000204e-02
-2.960000000000000131e-02
-3.039999999999999994e-02
-2.880000000000000268e-02
-2.800000000000000058e-02
-2.639999999999999986e-02
-2.480000000000000260e-02
-2.239999999999999977e-02
-2.160000000000000114e-02
-1.839999999999999969e-02
-1.519999999999999997e-02
-1.360000000000000098e-02
-1.119999999999999989e-02
-8.800000000000000530e-03
-6.400000000000000307e-03
-4.800000000000000447e-03
-1.600000000000000077e-03
0.000000000000000000e+00
1.600000000000000077e-03
4.000000000000000083e-03
5.599999999999999943e-03
7.200000000000000670e-03
8.800000000000000530e-03
9.600000000000000894e-03
1.119999999999999989e-02
1.040000000000000126e-02
1.200000000000000025e-02
1.200000000000000025e-02
1.360000000000000098e-02
1.440000000000000134e-02
1.360000000000000098e-02
1.280000000000000061e-02
1.119999999999999989e-02
1.119999999999999989e-02
8.800000000000000530e-03
8.800000000000000530e-03
7.200000000000000670e-03
5.599999999999999943e-03
3.200000000000000153e-03
8.000000000000000383e-04
0.000000000000000000e+00
-3.200000000000000153e-03
-5.599999999999999943e-03
-7.200000000000000670e-03
-9.600000000000000894e-03
-1.200000000000000025e-02
-1.440000000000000134e-02
-1.680000000000000243e-02
-1.839999999999999969e-02
-1.920000000000000179e-02
-2.160000000000000114e-02
-2.239999999999999977e-02
-2.239999999999999977e-02
-2.320000000000000187e-02
-2.320000000000000187e-02
-2.080000000000000251e-02
-1.920000000000000179e-02
-1.760000000000000106e-02
-1.600000000000000033e-02
-1.440000000000000134e-02
-1.119999999999999989e-02
-8.800000000000000530e-03
-6.400000000000000307e-03
-4.000000000000000083e-03
-1.600000000000000077e-03
8.000000000000000383e-04
2.400000000000000223e-03
4.800000000000000447e-03
6.400000000000000307e-03
8.000000000000000167e-03
8.800000000000000530e-03
1.040000000000000126e-02
1.119999999999999989e-02
1.040000000000000126e-02
1.119999999999999989e-02
1.119999999999999989e-02
1.119999999999999989e-02
9.600000000000000894e-03
9.600000000000000894e-03
1.040000000000000126e-02
6.400000000000000307e-03
4.800000000000000447e-03
3.200000000000000153e-03
1.600000000000000077e-03
-1.600000000000000077e-03
-4.000000000000000083e-03
-6.400000000000000307e-03
-8.000000000000000167e-03
-1.040000000000000126e-02
-1.280000000000000061e-02
-1.519999999999999997e-02
-1.760000000000000106e-02
-1.839999999999999969e-02
-1.920000000000000179e-02
-2.160000000000000114e-02
-2.080000000000000251e-02
-2.080000000000000251e-02
-2.000000000000000042e-02
-1.920000000000000179e-02
-1.839999999999999969e-02
-1.600000000000000033e-02
-1.440000000000000134e-02
-1.119999999999999989e-02
-1.040000000000000126e-02
-8.000000000000000167e-03
-4.800000000000000447e-03
-2.400000000000000223e-03
0.000000000000000000e+00
2.400000000000000223e-03
4.800000000000000447e-03
5.599999999999999943e-03
8.000000000000000167e-03
8.800000000000000530e-03
9.600000000000000894e-03
1.119999999999999989e-02
1.040000000000000126e-02
1.200000000000000025e-02
1.119999999999999989e-02
1.040000000000000126e-02
1.040000000000000126e-02
1.040000000000000126e-02
8.800000000000000530e-03
8.000000000000000167e-03
6.400000000000000307e-03
4.000000000000000083e-03
2.400000000000000223e-03
1.600000000000000077e-03
-2.400000000000000223e-03
-3.200000000000000153e-03
-5.599999999999999943e-03
-8.800000000000000530e-03
-1.040000000000000126e-02
-1.280000000000000061e-02
-1.519999999999999997e-02
-1.680000000000000243e-02
-1.920000000000000179e-02
-2.080000000000000251e-02
-2.080000000000000251e-02
-2.239999999999999977e-02
-2.320000000000000187e-02
-2.160000000000000114e-02
-2.160000000000000114e-02
-2.080000000000000251e-02
-2.000000000000000042e-02
-1.760000000000000106e-02
-1.600000000000000033e-02
-1.440000000000000134e-02
-1.119999999999999989e-02
-1.040000000000000126e-02
-7.200000000000000670e-03
-4.000000000000000083e-03
-4.000000000000000083e-03
-8.000000000000000383e-04
3.200000000000000153e-03
4.800000000000000447e-03
5.599999999999999943e-03
7.200000000000000670e-03
8.000000000000000167e-03
9.600000000000000894e-03
1.040000000000000126e-02
1.119999999999999989e-02
1.119999999999999989e-02
1.200000000000000025e-02
1.200000000000000025e-02
1.280000000000000061e-02
1.200000000000000025e-02
1.280000000000000061e-02
1.280000000000000061e-02
1.119999999999999989e-02
1.040000000000000126e-02
1.040000000000000126e-02
8.000000000000000167e-03
7.200000000000000670e-03
5.599999999999999943e-03
4.000000000000000083e-03
3.200000000000000153e-03
8.000000000000000383e-04
-8.000000000000000383e-04
-3.200000000000000153e-03
-3.200000000000000153e-03
-7.200000000000000670e-03
-8.800000000000000530e-03
-1.119999999999999989e-02
-1.280000000000000061e-02
-1.519999999999999997e-02
-1.760000000000000106e-02
-1.920000000000000179e-02
-2.080000000000000251e-02
-2.320000000000000187e-02
-2.400000000000000050e-02
-2.639999999999999986e-02
-2.639999999999999986e-02
-2.880000000000000268e-02
-2.880000000000000268e-02
-2.880000000000000268e-02
-2.880000000000000268e-02
-2.960000000000000131e-02
-2.880000000000000268e-02
-2.800000000000000058e-02
-2.720000000000000195e-02
-2.639999999999999986e-02
-2.639999999999999986e-02
-2.400000000000000050e-02
-2.239999999999999977e-02
-2.160000000000000114e-02
-1.920000000000000179e-02
-1.680000000000000243e-02
-1.600000000000000033e-02
-1.360000000000000098e-02
-1.119999999999999989e-02
-9.600000000000000894e-03
-8.000000000000000167e-03
-5.599999999999999943e-03
-4.000000000000000083e-03
-3.200000000000000153e-03
-1.600000000000000077e-03
0.000000000000000000e+00
1.600000000000000077e-03
3.200000000000000153e-03
4.000000000000000083e-03
4.800000000000000447e-03
6.400000000000000307e-03
7.200000000000000670e-03
8.000000000000000167e-03
9.600000000000000894e-03
1.040000000000000126e-02
1.119999999999999989e-02
1.200000000000000025e-02
1.280000000000000061e-02
1.200000000000000025e-02
1.440000000000000134e-02
1.440000000000000134e-02
1.519999999999999997e-02
1.680000000000000243e-02
1.680000000000000243e-02
1.680000000000000243e-02
1.680000000000000243e-02
1.680000000000000243e-02
1.680000000000000243e-02
1.760000000000000106e-02
1.680000000000000243e-02
1.760000000000000106e-02
1.839999999999999969e-02
1.839999999999999969e-02
1.760000000000000106e-02
1.760000000000000106e-02
1.839999999999999969e-02
1.839999999999999969e-02
1.920000000000000179e-02
1.839999999999999969e-02
1.920000000000000179e-02
1.920000000000000179e-02
1.839999999999999969e-02
1.839999999999999969e-02
1.760000000000000106e-02
2.000000000000000042e-02
1.760000000000000106e-02
1.920000000000000179e-02
1.839999999999999969e-02
1.839999999999999969e-02
1.920000000000000179e-02
1.920000000000000179e-02
1.839999999999999969e-02
1.839999999999999969e-02
1.839999999999999969e-02
1.839999999999999969e-02
1.920000000000000179e-02
2.000000000000000042e-02
1.839999999999999969e-02
1.839999999999999969e-02
1.839999999999999969e-02
1.839999999999999969e-02
2.000000000000000042e-02
1.839999999999999969e-02
1.839999999999999969e-02
1.839999999999999969e-02
1.920000000000000179e-02
1.839999999999999969e-02
1.920000000000000179e-02
1.760000000000000106e-02
2.000000000000000042e-02
1.920000000000000179e-02
1.839999999999999969e-02
1.839999999999999969e-02
1.920000000000000179e-02
1.839999999999999969e-02
1.839999999999999969e-02
1.839999999999999969e-02
1.839999999999999969e-02
1.839999999999999969e-02
1.920000000000000179e-02
1.839999999999999969e-02
1.760000000000000106e-02
1.839999999999999969e-02
1.760000000000000106e-02
1.839999999999999969e-02
1.760000000000000106e-02
1.760000000000000106e-02
1.680000000000000243e-02
1.680000000000000243e-02
1.519999999999999997e-02
1.600000000000000033e-02
1.600000000000000033e-02
1.519999999999999997e-02
1.360000000000000098e-02
1.360000000000000098e-02
1.200000000000000025e-02
1.119999999999999989e-02
1.040000000000000126e-02
9.600000000000000894e-03
8.800000000000000530e-03
8.000000000000000167e-03
7.200000000000000670e-03
5.599999999999999943e-03
4.800000000000000447e-03
3.200000000000000153e-03
2.400000000000000223e-03
8.000000000000000383e-04
-1.600000000000000077e-03
-2.400000000000000223e-03
-4.000000000000000083e-03
-7.200000000000000670e-03
-8.000000000000000167e-03
-1.040000000000000126e-02
-1.119999999999999989e-02
-1.360000000000000098e-02
-1.519999999999999997e-02
-1.680000000000000243e-02
-1.839999999999999969e-02
-1.920000000000000179e-02
-2.320000000000000187e-02
-2.560000000000000123e-02
-2.560000000000000123e-02
-2.720000000000000195e-02
-2.800000000000000058e-02
-3.039999999999999994e-02
-2.960000000000000131e-02
-3.120000000000000204e-02
-3.039999999999999994e-02
-3.039999999999999994e-02
-3.039999999999999994e-02
-2.880000000000000268e-02
-2.880000000000000268e-02
-2.639999999999999986e-02
-2.480000000000000260e-02
-2.320000000000000187e-02
-2.080000000000000251e-02
-1.760000000000000106e-02
-1.600000000000000033e-02
-1.280000000000000061e-02
-1.040000000000000126e-02
-8.800000000000000530e-03
-6.400000000000000307e-03
-3.200000000000000153e-03
-1.600000000000000077e-03
8.000000000000000383e-04
3.200000000000000153e-03
4.800000000000000447e-03
6.400000000000000307e-03
8.000000000000000167e-03
8.800000000000000530e-03
1.040000000000000126e-02
1.200000000000000025e-02
1.119999999999999989e-02
1.119999999999999989e-02
1.360000000000000098e-02
1.360000000000000098e-02
1.360000000000000098e-02
1.200000000000000025e-02
1.119999999999999989e-02
1.119999999999999989e-02
1.040000000000000126e-02
9.600000000000000894e-03
8.800000000000000530e-03
6.400000000000000307e-03
4.800000000000000447e-03
3.200000000000000153e-03
8.000000000000000383e-04
-1.600000000000000077e-03
-3.200000000000000153e-03
-4.800000000000000447e-03
-7.200000000000000670e-03
-9.600000000000000894e-03
-1.200000000000000025e-02
-1.440000000000000134e-02
-1.600000000000000033e-02
-1.839999999999999969e-02
-1.920000000000000179e-02
-2.080000000000000251e-02
-2.239999999999999977e-02
-2.320000000000000187e-02
-2.239999999999999977e-02
-2.160000000000000114e-02
-2.080000000000000251e-02
-2.000000000000000042e-02
-1.760000000000000106e-02
-1.600000000000000033e-02
-1.360000000000000098e-02
-1.119999999999999989e-02
-8.800000000000000530e-03
-6.400000000000000307e-03
-4.800000000000000447e-03
-2.400000000000000223e-03
8.000000000000000383e-04
2.400000000000000223e-03
4.800000000000000447e-03
6.400000000000000307e-03
8.000000000000000167e-03
8.800000000000000530e-03
1.040000000000000126e-02
1.119999999999999989e-02
1.119999999999999989e-02
1.119999999999999989e-02
1.119999999999999989e-02
1.040000000000000126e-02
1.040000000000000126e-02
9.600000000000000894e-03
8.800000000000000530e-03
8.000000000000000167e-03
5.599999999999999943e-03
4.000000000000000083e-03
2.400000000000000223e-03
0.000000000000000000e+00
-3.200000000000000153e-03
-4.800000000000000447e-03
-7.200000000000000670e-03
-9.600000000000000894e-03
-1.119999999999999989e-02
-1.360000000000000098e-02
-1.600000000000000033e-02
-1.760000000000000106e-02
-1.920000000000000179e-02
-2.000000000000000042e-02
-2.080000000000000251e-02
-2.160000000000000114e-02
-2.000000000000000042e-02
-1.920000000000000179e-02
-1.839999999999999969e-02
-1.680000000000000243e-02
-1.440000000000000134e-02
-1.360000000000000098e-02
-1.040000000000000126e-02
-6.400000000000000307e-03
-4.800000000000000447e-03
-2.400000000000000223e-03
0.000000000000000000e+00
1.600000000000000077e-03
3.200000000000000153e-03
5.599999999999999943e-03
8.000000000000000167e-03
8.800000000000000530e-03
8.800000000000000530e-03
1.040000000000000126e-02
1.040000000000000126e-02
1.119999999999999989e-02
1.119999999999999989e-02
1.119999999999999989e-02
1.040000000000000126e-02
1.040000000000000126e-02
8.800000000000000530e-03
8.800000000000000530e-03
7.200000000000000670e-03
4.800000000000000447e-03
3.200000000000000153e-03
8.000000000000000383e-04
-1.600000000000000077e-03
-4.000000000000000083e-03
-4.800000000000000447e-03
-7.200000000000000670e-03
-1.040000000000000126e-02
-1.280000000000000061e-02
-1.440000000000000134e-02
-1.680000000000000243e-02
-1.920000000000000179e-02
-1.920000000000000179e-02
-2.160000000000000114e-02
-2.239999999999999977e-02
-2.239999999999999977e-02
-2.160000000000000114e-02
-2.080000000000000251e-02
-2.080000000000000251e-02
-2.000000000000000042e-02
-1.839999999999999969e-02
-1.680000000000000243e-02
-1.360000000000000098e-02
-1.119999999999999989e-02
-9.600000000000000894e-03
-6.400000000000000307e-03
-4.800000000000000447e-03
-2.400000000000000223e-03
0.000000000000000000e+00
2.400000000000000223e-03
4.000000000000000083e-03
6.400000000000000307e-03
8.000000000000000167e-03
8.000000000000000167e-03
9.600000000000000894e-03
1.119999999999999989e-02
1.119999999999999989e-02
1.200000000000000025e-02
1.200000000000000025e-02
1.360000000000000098e-02
1.360000000000000098e-02
1.200000000000000025e-02
1.200000000000000025e-02
1.280000000000000061e-02
1.040000000000000126e-02
9.600000000000000894e-03
9.600000000000000894e-03
8.000000000000000167e-03
6.400000000000000307e-03
5.599999999999999943e-03
3.200000000000000153e-03
2.400000000000000223e-03
0.000000000000000000e+00
-2.400000000000000223e-03
-3.200000000000000153e-03
-7.200000000000000670e-03
-8.000000000000000167e-03
-9.600000000000000894e-03
-1.200000000000000025e-02
-1.519999999999999997e-02
-1.600000000000000033e-02
-1.839999999999999969e-02
-2.080000000000000251e-02
-2.160000000000000114e-02
-2.320000000000000187e-02
-2.480000000000000260e-02
-2.639999999999999986e-02
-2.800000000000000058e-02
-2.720000000000000195e-02
-2.800000000000000058e-02
-2.880000000000000268e-02
-2.960000000000000131e-02
-2.800000000000000058e-02
-2.720000000000000195e-02
-2.639999999999999986e-02
-2.560000000000000123e-02
-2.480000000000000260e-02
-2.400000000000000050e-02
-2.160000000000000114e-02
-2.000000000000000042e-02
-1.920000000000000179e-02
-1.600000000000000033e-02
-1.519999999999999997e-02
-1.280000000000000061e-02
-1.040000000000000126e-02
-9.600000000000000894e-03
-7.200000000000000670e-03
-4.800000000000000447e-03
-4.000000000000000083e-03
-1.600000000000000077e-03
-8.000000000000000383e-04
8.000000000000000383e-04
2.400000000000000223e-03
3.200000000000000153e-03
5.599999999999999943e-03
6.400000000000000307e-03
8.000000000000000167e-03
8.800000000000000530e-03
1.040000000000000126e-02
1.119999999999999989e-02
1.119999999999999989e-02
1.200000000000000025e-02
1.280000000000000061e-02
1.280000000000000061e-02
1.440000000000000134e-02
1.440000000000000134e-02
1.440000000000000134e-02
1.519999999999999997e-02
1.600000000000000033e-02
1.600000000000000033e-02
1.680000000000000243e-02
1.680000000000000243e-02
1.680000000000000243e-02
1.760000000000000106e-02
1.839999999999999969e-02
1.760000000000000106e-02
1.920000000000000179e-02
1.839999999999999969e-02
1.760000000000000106e-02
1.760000000000000106e-02
1.839999999999999969e-02
1.760000000000000106e-02
1.760000000000000106e-02
1.760000000000000106e-02
1.839999999999999969e-02
1.839999999999999969e-02
1.760000000000000106e-02
1.760000000000000106e-02
1.839999999999999969e-02
1.839999999999999969e-02
1.760000000000000106e-02
1.839999999999999969e-02
1.760000000000000106e-02
1.760000000000000106e-02
1.760000000000000106e-02
1.760000000000000106e-02
1.760000000000000106e-02
1.760000000000000106e-02
1.760000000000000106e-02
1.680000000000000243e-02
1.760000000000000106e-02
1.680000000000000243e-02
1.760000000000000106e-02
1.680000000000000243e-02
1.760000000000000106e-02
1.680000000000000243e-02
1.760000000000000106e-02
1.760000000000000106e-02
1.680000000000000243e-02
1.760000000000000106e-02
1.760000000000000106e-02
1.760000000000000106e-02
1.760000000000000106e-02
1.760000000000000106e-02
1.760000000000000106e-02
1.760000000000000106e-02
1.760000000000000106e-02
1.760000000000000106e-02
1.920000000000000179e-02
1.760000000000000106e-02
1.839999999999999969e-02
1.839999999999999969e-02
1.839999999999999969e-02
1.760000000000000106e-02
1.920000000000000179e-02
1.920000000000000179e-02
1.920000000000000179e-02
1.839999999999999969e-02
1.839999999999999969e-02
1.839999999999999969e-02
1.839999999999999969e-02
1.839999999999999969e-02
1.839999999999999969e-02
1.920000000000000179e-02
1.839999999999999969e-02
1.839999999999999969e-02
1.839999999999999969e-02
1.760000000000000106e-02
1.760000000000000106e-02
1.760000000000000106e-02
1.680000000000000243e-02
1.680000000000000243e-02
1.600000000000000033e-02
1.600000000000000033e-02
1.600000000000000033e-02
1.440000000000000134e-02
1.360000000000000098e-02
1.280000000000000061e-02
1.200000000000000025e-02
1.119999999999999989e-02
1.040000000000000126e-02
8.800000000000000530e-03
7.200000000000000670e-03
7.200000000000000670e-03
7.200000000000000670e-03
5.599999999999999943e-03
3.200000000000000153e-03
1.600000000000000077e-03
0.000000000000000000e+00
-3.200000000000000153e-03
-2.400000000000000223e-03
-4.800000000000000447e-03
-7.200000000000000670e-03
-8.000000000000000167e-03
-1.040000000000000126e-02
-1.200000000000000025e-02
-1.440000000000000134e-02
-1.600000000000000033e-02
-1.839999999999999969e-02
-2.080000000000000251e-02
-2.239999999999999977e-02
-2.320000000000000187e-02
-2.480000000000000260e-02
-2.639999999999999986e-02
-2.800000000000000058e-02
-2.880000000000000268e-02
-3.039999999999999994e-02
-3.120000000000000204e-02
-3.039999999999999994e-02
-2.960000000000000131e-02
-2.880000000000000268e-02
-2.800000000000000058e-02
-2.639999999999999986e-02
-2.560000000000000123e-02
-2.480000000000000260e-02
-2.239999999999999977e-02
-1.920000000000000179e-02
-1.760000000000000106e-02
-1.440000000000000134e-02
-1.280000000000000061e-02
-1.040000000000000126e-02
-7.200000000000000670e-03
-5.599999999999999943e-03
-2.400000000000000223e-03
-8.000000000000000383e-04
1.600000000000000077e-03
3.200000000000000153e-03
4.800000000000000447e-03
6.400000000000000307e-03
8.000000000000000167e-03
9.600000000000000894e-03
1.119999999999999989e-02
1.119999999999999989e-02
1.119999999999999989e-02
1.280000000000000061e-02
1.280000000000000061e-02
1.200000000000000025e-02
1.280000000000000061e-02
1.200000000000000025e-02
1.119999999999999989e-02
1.119999999999999989e-02
1.040000000000000126e-02
8.000000000000000167e-03
7.200000000000000670e-03
5.599999999999999943e-03
3.200000000000000153e-03
2.400000000000000223e-03
8.000000000000000383e-04
-2.400000000000000223e-03
-4.800000000000000447e-03
-5.599999999999999943e-03
-8.800000000000000530e-03
-1.200000000000000025e-02
-1.280000000000000061e-02
-1.600000000000000033e-02
-1.760000000000000106e-02
-1.839999999999999969e-02
-2.080000000000000251e-02
-2.160000000000000114e-02
-2.239999999999999977e-02
-2.239999999999999977e-02
-2.239999999999999977e-02
-2.160000000000000114e-02
-2.080000000000000251e-02
-1.839999999999999969e-02
-1.680000000000000243e-02
-1.440000000000000134e-02
-1.200000000000000025e-02
-8.800000000000000530e-03
-7.200000000000000670e-03
-4.800000000000000447e-03
-2.400000000000000223e-03
0.000000000000000000e+00
2.400000000000000223e-03
4.000000000000000083e-03
5.599999999999999943e-03
8.000000000000000167e-03
8.800000000000000530e-03
9.600000000000000894e-03
1.040000000000000126e-02
1.040000000000000126e-02
1.040000000000000126e-02
1.200000000000000025e-02
1.040000000000000126e-02
1.040000000000000126e-02
9.600000000000000894e-03
8.000000000000000167e-03
6.400000000000000307e-03
5.599999999999999943e-03
4.000000000000000083e-03
2.400000000000000223e-03
0.000000000000000000e+00
-2.400000000000000223e-03
-4.800000000000000447e-03
-7.200000000000000670e-03
-9.600000000000000894e-03
-1.200000000000000025e-02
-1.360000000000000098e-02
-1.519999999999999997e-02
-1.839999999999999969e-02
-1.839999999999999969e-02
-2.080000000000000251e-02
-2.160000000000000114e-02
-2.080000000000000251e-02
-2.080000000000000251e-02
-2.000000000000000042e-02
-1.839999999999999969e-02
-1.760000000000000106e-02
-1.600000000000000033e-02
-1.280000000000000061e-02
-9.600000000000000894e-03
-7.200000000000000670e-03
-4.800000000000000447e-03
-2.400000000000000223e-03
-8.000000000000000383e-04
1.600000000000000077e-03
3.200000000000000153e-03
6.400000000000000307e-03
8.000000000000000167e-03
8.800000000000000530e-03
8.800000000000000530e-03
1.040000000000000126e-02
1.040000000000000126e-02
1.040000000000000126e-02
1.040000000000000126e-02
1.119999999999999989e-02
1.040000000000000126e-02
1.119999999999999989e-02
9.600000000000000894e-03
8.000000000000000167e-03
6.400000000000000307e-03
5.599999999999999943e-03
3.200000000000000153e-03
8.000000000000000383e-04
-8.000000000000000383e-04
-3.200000000000000153e-03
-4.800000000000000447e-03
-8.000000000000000167e-03
-1.040000000000000126e-02
-1.200000000000000025e-02
-1.440000000000000134e-02
-1.680000000000000243e-02
-1.839999999999999969e-02
-2.000000000000000042e-02
-2.160000000000000114e-02
-2.239999999999999977e-02
-2.239999999999999977e-02
-2.239999999999999977e-02
-2.160000000000000114e-02
-2.239999999999999977e-02
-2.080000000000000251e-02
-1.839999999999999969e-02
-1.600000000000000033e-02
-1.440000000000000134e-02
-1.200000000000000025e-02
-9.600000000000000894e-03
-7.200000000000000670e-03
-5.599999999999999943e-03
-3.200000000000000153e-03
0.000000000000000000e+00
1.600000000000000077e-03
3.200000000000000153e-03
5.599999999999999943e-03
6.400000000000000307e-03
8.000000000000000167e-03
9.600000000000000894e-03
1.119999999999999989e-02
1.119999999999999989e-02
1.119999999999999989e-02
1.280000000000000061e-02
1.280000000000000061e-02
1.280000000000000061e-02
1.280000000000000061e-02
1.280000000000000061e-02
1.200000000000000025e-02
1.119999999999999989e-02
9.600000000000000894e-03
9.600000000000000894e-03
8.800000000000000530e-03
7.200000000000000670e-03
5.599999999999999943e-03
4.000000000000000083e-03
1.600000000000000077e-03
8.000000000000000383e-04
-8.000000000000000383e-04
-4.000000000000000083e-03
-5.599999999999999943e-03
-7.200000000000000670e-03
-8.800000000000000530e-03
-1.119999999999999989e-02
-1.360000000000000098e-02
-1.600000000000000033e-02
-1.680000000000000243e-02
-1.920000000000000179e-02
-2.239999999999999977e-02
-2.320000000000000187e-02
-2.400000000000000050e-02
-2.639999999999999986e-02
-2.720000000000000195e-02
-2.800000000000000058e-02
-2.800000000000000058e-02
-2.960000000000000131e-02
-2.880000000000000268e-02
-2.880000000000000268e-02
-2.880000000000000268e-02
-2.880000000000000268e-02
-2.720000000000000195e-02
-2.639999999999999986e-02
-2.480000000000000260e-02
-2.400000000000000050e-02
-2.080000000000000251e-02
-2.000000000000000042e-02
-1.839999999999999969e-02
-1.600000000000000033e-02
-1.440000000000000134e-02
-1.280000000000000061e-02
-1.040000000000000126e-02
-8.800000000000000530e-03
-8.000000000000000167e-03
-4.800000000000000447e-03
-3.200000000000000153e-03
-1.600000000000000077e-03
-8.000000000000000383e-04
0.000000000000000000e+00
2.400000000000000223e-03
3.200000000000000153e-03
4.800000000000000447e-03
6.400000000000000307e-03
8.000000000000000167e-03
8.800000000000000530e-03
9.600000000000000894e-03
1.119999999999999989e-02
1.040000000000000126e-02
1.280000000000000061e-02
1.360000000000000098e-02
1.360000000000000098e-02
1.360000000000000098e-02
1.440000000000000134e-02
1.440000000000000134e-02
1.600000000000000033e-02
1.600000000000000033e-02
1.600000000000000033e-02
1.600000000000000033e-02
1.680000000000000243e-02
1.760000000000000106e-02
1.760000000000000106e-02
1.760000000000000106e-02
1.760000000000000106e-02
1.839999999999999969e-02
1.760000000000000106e-02
1.760000000000000106e-02
1.760000000000000106e-02
1.839999999999999969e-02
1.839999999999999969e-02
1.760000000000000106e-02
1.920000000000000179e-02
1.839999999999999969e-02
1.839999999999999969e-02
1.839999999999999969e-02
1.760000000000000106e-02
1.839999999999999969e-02
1.839999999999999969e-02
1.760000000000000106e-02
1.839999999999999969e-02
1.839999999999999969e-02
1.839999999999999969e-02
1.839999999999999969e-02
1.839999999999999969e-02
1.920000000000000179e-02
1.920000000000000179e-02
1.839999999999999969e-02
1.760000000000000106e-02
1.760000000000000106e-02
1.839999999999999969e-02
1.839999999999999969e-02
1.839999999999999969e-02
1.839999999999999969e-02
1.760000000000000106e-02
1.760000000000000106e-02
1.839999999999999969e-02
1.839999999999999969e-02
1.839999999999999969e-02
2.000000000000000042e-02
1.920000000000000179e-02
1.920000000000000179e-02
2.000000000000000042e-02
1.839999999999999969e-02
1.920000000000000179e-02
1.920000000000000179e-02
1.920000000000000179e-02
1.839999999999999969e-02
1.839999999999999969e-02
1.920000000000000179e-02
1.920000000000000179e-02
1.920000000000000179e-02
1.920000000000000179e-02
1.920000000000000179e-02
1.920000000000000179e-02
1.760000000000000106e-02
1.839999999999999969e-02
1.839999999999999969e-02
1.760000000000000106e-02
1.839999999999999969e-02
1.920000000000000179e-02
1.760000000000000106e-02
1.839999999999999969e-02
1.760000000000000106e-02
1.680000000000000243e-02
1.760000000000000106e-02
1.680000000000000243e-02
1.600000000000000033e-02
1.519999999999999997e-02
1.440000000000000134e-02
1.440000000000000134e-02
1.360000000000000098e-02
1.280000000000000061e-02
1.119999999999999989e-02
1.119999999999999989e-02
1.040000000000000126e-02
8.800000000000000530e-03
8.800000000000000530e-03
7.200000000000000670e-03
5.599999999999999943e-03
4.800000000000000447e-03
3.200000000000000153e-03
2.400000000000000223e-03
8.000000000000000383e-04
-1.600000000000000077e-03
-3.200000000000000153e-03
-4.800000000000000447e-03
-7.200000000000000670e-03
-8.000000000000000167e-03
-9.600000000000000894e-03
-1.200000000000000025e-02
-1.440000000000000134e-02
-1.519999999999999997e-02
-1.839999999999999969e-02
-1.920000000000000179e-02
-2.239999999999999977e-02
-2.320000000000000187e-02
-2.560000000000000123e-02
-2.639999999999999986e-02
-2.800000000000000058e-02
-2.880000000000000268e-02
-2.880000000000000268e-02
-3.120000000000000204e-02
-3.120000000000000204e-02
-3.039999999999999994e-02
-3.039999999999999994e-02
-2.960000000000000131e-02
-2.800000000000000058e-02
-2.639999999999999986e-02
-2.480000000000000260e-02
-2.320000000000000187e-02
-2.080000000000000251e-02
-1.920000000000000179e-02
-1.600000000000000033e-02
-1.519999999999999997e-02
-1.119999999999999989e-02
-8.800000000000000530e-03
-6.400000000000000307e-03
-4.800000000000000447e-03
-1.600000000000000077e-03
0.000000000000000000e+00
2.400000000000000223e-03
4.000000000000000083e-03
5.599999999999999943e-03
7.200000000000000670e-03
8.800000000000000530e-03
9.600000000000000894e-03
1.040000000000000126e-02
1.200000000000000025e-02
1.119999999999999989e-02
1.280000000000000061e-02
1.360000000000000098e-02
1.200000000000000025e-02
1.200000000000000025e-02
1.200000000000000025e-02
1.200000000000000025e-02
1.040000000000000126e-02
9.600000000000000894e-03
8.800000000000000530e-03
6.400000000000000307e-03
4.800000000000000447e-03
4.800000000000000447e-03
1.600000000000000077e-03
-8.000000000000000383e-04
-3.200000000000000153e-03
-4.800000000000000447e-03
-6.400000000000000307e-03
-9.600000000000000894e-03
-1.200000000000000025e-02
-1.360000000000000098e-02
-1.600000000000000033e-02
-1.839999999999999969e-02
-1.920000000000000179e-02
-2.080000000000000251e-02
-2.160000000000000114e-02
-2.239999999999999977e-02
-2.239999999999999977e-02
-2.320000000000000187e-02
-2.080000000000000251e-02
-2.080000000000000251e-02
-1.839999999999999969e-02
-1.600000000000000033e-02
-1.440000000000000134e-02
-1.200000000000000025e-02
-9.600000000000000894e-03
-8.000000000000000167e-03
-5.599999999999999943e-03
-2.400000000000000223e-03
0.000000000000000000e+00
2.400000000000000223e-03
3.200000000000000153e-03
6.400000000000000307e-03
7.200000000000000670e-03
8.800000000000000530e-03
1.040000000000000126e-02
1.040000000000000126e-02
1.200000000000000025e-02
1.119999999999999989e-02
1.119999999999999989e-02
1.119999999999999989e-02
1.040000000000000126e-02
9.600000000000000894e-03
8.800000000000000530e-03
7.200000000000000670e-03
6.400000000000000307e-03
4.800000000000000447e-03
2.400000000000000223e-03
0.000000000000000000e+00
-2.400000000000000223e-03
-4.800000000000000447e-03
-7.200000000000000670e-03
-8.800000000000000530e-03
-1.200000000000000025e-02
-1.360000000000000098e-02
-1.600000000000000033e-02
-1.760000000000000106e-02
-1.920000000000000179e-02
-2.080000000000000251e-02
-2.160000000000000114e-02
-2.080000000000000251e-02
-2.080000000000000251e-02
-2.080000000000000251e-02
-1.839999999999999969e-02
-1.760000000000000106e-02
-1.519999999999999997e-02
-1.280000000000000061e-02
-9.600000000000000894e-03
-8.000000000000000167e-03
-4.800000000000000447e-03
-3.200000000000000153e-03
-8.000000000000000383e-04
1.600000000000000077e-03
3.200000000000000153e-03
5.599999999999999943e-03
8.000000000000000167e-03
8.000000000000000167e-03
8.800000000000000530e-03
1.040000000000000126e-02
1.119999999999999989e-02
1.040000000000000126e-02
1.119999999999999989e-02
1.119999999999999989e-02
1.119999999999999989e-02
1.040000000000000126e-02
9.600000000000000894e-03
8.800000000000000530e-03
7.200000000000000670e-03
6.400000000000000307e-03
2.400000000000000223e-03
2.400000000000000223e-03
-8.000000000000000383e-04
-3.200000000000000153e-03
-4.800000000000000447e-03
-7.200000000000000670e-03
-9.600000000000000894e-03
-1.280000000000000061e-02
-1.360000000000000098e-02
-1.680000000000000243e-02
-1.760000000000000106e-02
-1.839999999999999969e-02
-2.239999999999999977e-02
-2.239999999999999977e-02
-2.320000000000000187e-02
-2.320000000000000187e-02
-2.080000000000000251e-02
-2.080000000000000251e-02
-2.000000000000000042e-02
-1.920000000000000179e-02
-1.680000000000000243e-02
-1.440000000000000134e-02
-1.200000000000000025e-02
-1.040000000000000126e-02
-8.000000000000000167e-03
-4.800000000000000447e-03
-3.200000000000000153e-03
-1.600000000000000077e-03
1.600000000000000077e-03
2.400000000000000223e-03
4.800000000000000447e-03
6.400000000000000307e-03
8.000000000000000167e-03
9.600000000000000894e-03
1.040000000000000126e-02
1.119999999999999989e-02
1.119999999999999989e-02
1.200000000000000025e-02
1.280000000000000061e-02
1.280000000000000061e-02
1.280000000000000061e-02
1.280000000000000061e-02
1.119999999999999989e-02
1.200000000000000025e-02
1.040000000000000126e-02
9.600000000000000894e-03
8.800000000000000530e-03
7.200000000000000670e-03
6.400000000000000307e-03
4.800000000000000447e-03
3.200000000000000153e-03
8.000000000000000383e-04
0.000000000000000000e+00
-2.400000000000000223e-03
-4.800000000000000447e-03
-7.200000000000000670e-03
-8.800000000000000530e-03
-1.119999999999999989e-02
-1.360000000000000098e-02
-1.519999999999999997e-02
-1.760000000000000106e-02
-1.920000000000000179e-02
-2.080000000000000251e-02
-2.400000000000000050e-02
-2.400000000000000050e-02
-2.560000000000000123e-02
-2.720000000000000195e-02
-2.720000000000000195e-02
-2.800000000000000058e-02
-2.880000000000000268e-02
-2.880000000000000268e-02
-2.880000000000000268e-02
-2.960000000000000131e-02
-2.720000000000000195e-02
-2.800000000000000058e-02
-2.639999999999999986e-02
-2.480000000000000260e-02
-2.320000000000000187e-02
-2.239999999999999977e-02
-2.000000000000000042e-02
-1.839999999999999969e-02
-1.680000000000000243e-02
-1.519999999999999997e-02
-1.280000000000000061e-02
-1.119999999999999989e-02
-9.600000000000000894e-03
-5.599999999999999943e-03
-4.800000000000000447e-03
-4.000000000000000083e-03
-2.400000000000000223e-03
-8.000000000000000383e-04
8.000000000000000383e-04
2.400000000000000223e-03
3.200000000000000153e-03
5.599999999999999943e-03
6.400000000000000307e-03
7.200000000000000670e-03
8.800000000000000530e-03
8.800000000000000530e-03
9.600000000000000894e-03
1.119999999999999989e-02
1.119999999999999989e-02
1.360000000000000098e-02
1.360000000000000098e-02
1.360000000000000098e-02
1.519999999999999997e-02
1.519999999999999997e-02
1.519999999999999997e-02
1.600000000000000033e-02
1.680000000000000243e-02
1.680000000000000243e-02
1.760000000000000106e-02
1.680000000000000243e-02
1.680000000000000243e-02
1.760000000000000106e-02
1.760000000000000106e-02
1.760000000000000106e-02
1.839999999999999969e-02
1.839999999999999969e-02
1.760000000000000106e-02
1.839999999999999969e-02
1.839999999999999969e-02
1.760000000000000106e-02
1.839999999999999969e-02
1.760000000000000106e-02
1.839999999999999969e-02
1.839999999999999969e-02
1.920000000000000179e-02
1.760000000000000106e-02
1.839999999999999969e-02
1.760000000000000106e-02
1.760000000000000106e-02
1.839999999999999969e-02
1.839999999999999969e-02
1.760000000000000106e-02
1.839999999999999969e-02
1.760000000000000106e-02
1.760000000000000106e-02
1.839999999999999969e-02
1.839999999999999969e-02
1.760000000000000106e-02
1.839999999999999969e-02
1.760000000000000106e-02
1.760000000000000106e-02
1.839999999999999969e-02
1.839999999999999969e-02
1.839999999999999969e-02
1.760000000000000106e-02
1.920000000000000179e-02
1.839999999999999969e-02
1.839999999999999969e-02
1.839999999999999969e-02
1.760000000000000106e-02
1.839999999999999969e-02
1.920000000000000179e-02
1.839999999999999969e-02
1.920000000000000179e-02
1.760000000000000106e-02
1.839999999999999969e-02
1.920000000000000179e-02
2.000000000000000042e-02
1.839999999999999969e-02
1.839999999999999969e-02
1.920000000000000179e-02
1.839999999999999969e-02
1.839999999999999969e-02
1.920000000000000179e-02
1.839999999999999969e-02
1.920000000000000179e-02
1.839999999999999969e-02
1.839999999999999969e-02
1.839999999999999969e-02
1.839999999999999969e-02
1.839999999999999969e-02
1.680000000000000243e-02
1.680000000000000243e-02
1.760000000000000106e-02
1.680000000000000243e-02
1.600000000000000033e-02
1.519999999999999997e-02
1.519999999999999997e-02
1.440000000000000134e-02
1.280000000000000061e-02
1.360000000000000098e-02
1.280000000000000061e-02
1.119999999999999989e-02
1.119999999999999989e-02
1.040000000000000126e-02
8.800000000000000530e-03
7.200000000000000670e-03
6.400000000000000307e-03
5.599999999999999943e-03
3.200000000000000153e-03
2.400000000000000223e-03
8.000000000000000383e-04
0.000000000000000000e+00
-3.200000000000000153e-03
-4.000000000000000083e-03
-4.800000000000000447e-03
-8.000000000000000167e-03
-9.600000000000000894e-03
-1.119999999999999989e-02
-1.360000000000000098e-02
-1.600000000000000033e-02
-1.760000000000000106e-02
-1.920000000000000179e-02
-2.080000000000000251e-02
-2.320000000000000187e-02
-2.480000000000000260e-02
-2.560000000000000123e-02
-2.720000000000000195e-02
-2.880000000000000268e-02
-3.039999999999999994e-02
-2.960000000000000131e-02
-3.200000000000000067e-02
-3.039999999999999994e-02
-3.039999999999999994e-02
-2.960000000000000131e-02
-2.880000000000000268e-02
-2.720000000000000195e-02
-2.560000000000000123e-02
-2.480000000000000260e-02
-2.239999999999999977e-02
-2.080000000000000251e-02
-1.760000000000000106e-02
-1.440000000000000134e-02
-1.280000000000000061e-02
-1.040000000000000126e-02
-7.200000000000000670e-03
-4.800000000000000447e-03
-4.000000000000000083e-03
-8.000000000000000383e-04
8.000000000000000383e-04
3.200000000000000153e-03
6.400000000000000307e-03
6.400000000000000307e-03
8.000000000000000167e-03
9.600000000000000894e-03
9.600000000000000894e-03
1.119999999999999989e-02
1.200000000000000025e-02
1.200000000000000025e-02
1.280000000000000061e-02
1.280000000000000061e-02
1.280000000000000061e-02
1.200000000000000025e-02
1.200000000000000025e-02
1.040000000000000126e-02
1.040000000000000126e-02
9.600000000000000894e-03
7.200000000000000670e-03
6.400000000000000307e-03
4.000000000000000083e-03
2.400000000000000223e-03
0.000000000000000000e+00
-8.000000000000000383e-04
-4.800000000000000447e-03
-5.599999999999999943e-03
-8.000000000000000167e-03
-1.119999999999999989e-02
-1.280000000000000061e-02
-1.519999999999999997e-02
-1.600000000000000033e-02
-1.920000000000000179e-02
-2.080000000000000251e-02
-2.160000000000000114e-02
-2.320000000000000187e-02
-2.239999999999999977e-02
-2.320000000000000187e-02
-2.160000000000000114e-02
-2.080000000000000251e-02
-1.920000000000000179e-02
-1.760000000000000106e-02
-1.519999999999999997e-02
-1.280000000000000061e-02
-1.040000000000000126e-02
-8.000000000000000167e-03
-5.599999999999999943e-03
-2.400000000000000223e-03
-8.000000000000000383e-04
8.000000000000000383e-04
3.200000000000000153e-03
4.800000000000000447e-03
6.400000000000000307e-03
8.800000000000000530e-03
9.600000000000000894e-03
9.600000000000000894e-03
1.119999999999999989e-02
1.119999999999999989e-02
1.119999999999999989e-02
1.119999999999999989e-02
1.119999999999999989e-02
9.600000000000000894e-03
8.800000000000000530e-03
7.200000000000000670e-03
5.599999999999999943e-03
4.000000000000000083e-03
3.200000000000000153e-03
8.000000000000000383e-04
-1.600000000000000077e-03
-3.200000000000000153e-03
-6.400000000000000307e-03
-8.800000000000000530e-03
-1.119999999999999989e-02
-1.440000000000000134e-02
-1.519999999999999997e-02
-1.760000000000000106e-02
-1.920000000000000179e-02
-2.000000000000000042e-02
-2.080000000000000251e-02
-2.080000000000000251e-02
-2.080000000000000251e-02
-2.000000000000000042e-02
-1.839999999999999969e-02
-1.680000000000000243e-02
-1.680000000000000243e-02
-1.360000000000000098e-02
-1.119999999999999989e-02
-8.800000000000000530e-03
-6.400000000000000307e-03
-4.000000000000000083e-03
-1.600000000000000077e-03
8.000000000000000383e-04
3.200000000000000153e-03
4.800000000000000447e-03
6.400000000000000307e-03
8.000000000000000167e-03
8.800000000000000530e-03
9.600000000000000894e-03
1.040000000000000126e-02
1.119999999999999989e-02
1.119999999999999989e-02
1.200000000000000025e-02
1.119999999999999989e-02
9.600000000000000894e-03
1.040000000000000126e-02
8.800000000000000530e-03
7.200000000000000670e-03
6.400000000000000307e-03
4.000000000000000083e-03
8.000000000000000383e-04
-8.000000000000000383e-04
-2.400000000000000223e-03
-4.800000000000000447e-03
-8.000000000000000167e-03
-9.600000000000000894e-03
-1.200000000000000025e-02
-1.360000000000000098e-02
-1.680000000000000243e-02
-1.839999999999999969e-02
-1.839999999999999969e-02
-2.160000000000000114e-02
-2.239999999999999977e-02
-2.239999999999999977e-02
-2.239999999999999977e-02
-2.320000000000000187e-02
-2.080000000000000251e-02
-2.080000000000000251e-02
-1.920000000000000179e-02
-1.680000000000000243e-02
-1.519999999999999997e-02
-1.200000000000000025e-02
-1.040000000000000126e-02
-8.000000000000000167e-03
-5.599999999999999943e-03
-3.200000000000000153e-03
-1.600000000000000077e-03
8.000000000000000383e-04
2.400000000000000223e-03
4.000000000000000083e-03
6.400000000000000307e-03
8.000000000000000167e-03
8.800000000000000530e-03
1.040000000000000126e-02
1.119999999999999989e-02
1.119999999999999989e-02
1.280000000000000061e-02
1.280000000000000061e-02
1.200000000000000025e-02
1.200000000000000025e-02
1.200000000000000025e-02
1.119999999999999989e-02
1.040000000000000126e-02
1.119999999999999989e-02
8.800000000000000530e-03
8.800000000000000530e-03
8.000000000000000167e-03
6.400000000000000307e-03
4.000000000000000083e-03
2.400000000000000223e-03
0.000000000000000000e+00
-8.000000000000000383e-04
-3.200000000000000153e-03
-4.800000000000000447e-03
-7.200000000000000670e-03
-8.800000000000000530e-03
-1.119999999999999989e-02
-1.200000000000000025e-02
-1.519999999999999997e-02
-1.760000000000000106e-02
-1.920000000000000179e-02
-2.080000000000000251e-02
-2.400000000000000050e-02
-2.480000000000000260e-02
-2.560000000000000123e-02
-2.720000000000000195e-02
-2.800000000000000058e-02
-2.880000000000000268e-02
-2.880000000000000268e-02
-2.880000000000000268e-02
-2.880000000000000268e-02
-2.800000000000000058e-02
-2.800000000000000058e-02
-2.639999999999999986e-02
-2.560000000000000123e-02
-2.480000000000000260e-02
-2.239999999999999977e-02
-2.160000000000000114e-02
-1.920000000000000179e-02
-1.760000000000000106e-02
-1.680000000000000243e-02
-1.360000000000000098e-02
-1.280000000000000061e-02
-1.119999999999999989e-02
-8.000000000000000167e-03
-6.400000000000000307e-03
-4.800000000000000447e-03
-2.400000000000000223e-03
-1.600000000000000077e-03
0.000000000000000000e+00
2.400000000000000223e-03
3.200000000000000153e-03
3.200000000000000153e-03
5.599999999999999943e-03
6.400000000000000307e-03
8.000000000000000167e-03
8.800000000000000530e-03
9.600000000000000894e-03
9.600000000000000894e-03
1.119999999999999989e-02
1.280000000000000061e-02
1.360000000000000098e-02
1.440000000000000134e-02
1.440000000000000134e-02
1.440000000000000134e-02
1.519999999999999997e-02
1.519999999999999997e-02
1.600000000000000033e-02
1.680000000000000243e-02
1.760000000000000106e-02
1.680000000000000243e-02
1.760000000000000106e-02
1.760000000000000106e-02
1.680000000000000243e-02
1.839999999999999969e-02
1.760000000000000106e-02
1.760000000000000106e-02
1.760000000000000106e-02
1.760000000000000106e-02
1.680000000000000243e-02
1.839999999999999969e-02
1.839999999999999969e-02
1.760000000000000106e-02
1.760000000000000106e-02
1.760000000000000106e-02
1.760000000000000106e-02
1.839999999999999969e-02
1.760000000000000106e-02
1.760000000000000106e-02
1.760000000000000106e-02
1.760000000000000106e-02
1.760000000000000106e-02
1.839999999999999969e-02
1.760000000000000106e-02
1.760000000000000106e-02
1.839999999999999969e-02
1.760000000000000106e-02
1.760000000000000106e-02
1.760000000000000106e-02
1.760000000000000106e-02
1.760000000000000106e-02
1.760000000000000106e-02
1.680000000000000243e-02
1.760000000000000106e-02
1.760000000000000106e-02
1.680000000000000243e-02
1.760000000000000106e-02
1.760000000000000106e-02
1.760000000000000106e-02
1.760000000000000106e-02
1.760000000000000106e-02
1.760000000000000106e-02
1.839999999999999969e-02
1.760000000000000106e-02
1.760000000000000106e-02
1.839999999999999969e-02
1.839999999999999969e-02
1.839999999999999969e-02
1.839999999999999969e-02
1.839999999999999969e-02
1.839999999999999969e-02
1.839999999999999969e-02
1.920000000000000179e-02
1.839999999999999969e-02
1.839999999999999969e-02
1.839999999999999969e-02
1.839999999999999969e-02
1.839999999999999969e-02
1.839999999999999969e-02
1.839999999999999969e-02
1.839999999999999969e-02
1.839999999999999969e-02
1.760000000000000106e-02
1.839999999999999969e-02
1.760000000000000106e-02
1.760000000000000106e-02
1.760000000000000106e-02
1.680000000000000243e-02
1.760000000000000106e-02
1.680000000000000243e-02
1.680000000000000243e-02
1.600000000000000033e-02
1.440000000000000134e-02
1.440000000000000134e-02
1.280000000000000061e-02
1.360000000000000098e-02
1.280000000000000061e-02
1.119999999999999989e-02
9.600000000000000894e-03
9.600000000000000894e-03
7.200000000000000670e-03
7.200000000000000670e-03
5.599999999999999943e-03
3.200000000000000153e-03
3.200000000000000153e-03
8.000000000000000383e-04
-8.000000000000000383e-04
-2.400000000000000223e-03
-4.000000000000000083e-03
-5.599999999999999943e-03
-8.000000000000000167e-03
-9.600000000000000894e-03
-1.119999999999999989e-02
-1.200000000000000025e-02
-1.600000000000000033e-02
-1.680000000000000243e-02
-1.920000000000000179e-02
-2.080000000000000251e-02
-2.320000000000000187e-02
-2.400000000000000050e-02
-2.639999999999999986e-02
-2.720000000000000195e-02
-2.800000000000000058e-02
-2.880000000000000268e-02
-3.039999999999999994e-02
-3.039999999999999994e-02
-3.039999999999999994e-02
-3.039999999999999994e-02
-2.880000000000000268e-02
-2.880000000000000268e-02
-2.720000000000000195e-02
-2.560000000000000123e-02
-2.320000000000000187e-02
-2.160000000000000114e-02
-1.920000000000000179e-02
-1.680000000000000243e-02
-1.519999999999999997e-02
-1.280000000000000061e-02
-9.600000000000000894e-03
-7.200000000000000670e-03
-4.800000000000000447e-03
-3.200000000000000153e-03
0.000000000000000000e+00
2.400000000000000223e-03
3.200000000000000153e-03
4.800000000000000447e-03
7.200000000000000670e-03
8.000000000000000167e-03
9.600000000000000894e-03
1.040000000000000126e-02
1.200000000000000025e-02
1.119999999999999989e-02
1.280000000000000061e-02
1.280000000000000061e-02
1.200000000000000025e-02
1.280000000000000061e-02
1.200000000000000025e-02
1.040000000000000126e-02
1.040000000000000126e-02
9.600000000000000894e-03
8.800000000000000530e-03
7.200000000000000670e-03
4.800000000000000447e-03
3.200000000000000153e-03
1.600000000000000077e-03
-8.000000000000000383e-04
-3.200000000000000153e-03
-4.000000000000000083e-03
-6.400000000000000307e-03
-9.600000000000000894e-03
-1.200000000000000025e-02
-1.440000000000000134e-02
-1.680000000000000243e-02
-1.839999999999999969e-02
-2.000000000000000042e-02
-2.080000000000000251e-02
-2.239999999999999977e-02
-2.320000000000000187e-02
-2.320000000000000187e-02
-2.320000000000000187e-02
-2.160000000000000114e-02
-2.000000000000000042e-02
-1.760000000000000106e-02
-1.600000000000000033e-02
-1.360000000000000098e-02
-1.119999999999999989e-02
-9.600000000000000894e-03
-7.200000000000000670e-03
-4.800000000000000447e-03
-2.400000000000000223e-03
8.000000000000000383e-04
3.200000000000000153e-03
4.800000000000000447e-03
5.599999999999999943e-03
7.200000000000000670e-03
