-2.500000000000000052e-03
-2.498000000000000220e-03
-2.495999999999999955e-03
-2.494000000000000123e-03
-2.491999999999999858e-03
-2.490000000000000026e-03
-2.488000000000000194e-03
-2.485999999999999929e-03
-2.484000000000000097e-03
-2.482000000000000265e-03
-2.480000000000000000e-03
-2.478000000000000168e-03
-2.475999999999999902e-03
-2.474000000000000071e-03
-2.472000000000000239e-03
-2.469999999999999973e-03
-2.468000000000000142e-03
-2.465999999999999876e-03
-2.464000000000000044e-03
-2.462000000000000213e-03
-2.459999999999999947e-03
-2.458000000000000115e-03
-2.455999999999999850e-03
-2.454000000000000018e-03
-2.452000000000000186e-03
-2.449999999999999921e-03
-2.448000000000000089e-03
-2.446000000000000257e-03
-2.443999999999999992e-03
-2.442000000000000160e-03
-2.439999999999999895e-03
-2.438000000000000063e-03
-2.436000000000000231e-03
-2.433999999999999966e-03
-2.432000000000000134e-03
-2.429999999999999868e-03
-2.428000000000000037e-03
-2.426000000000000205e-03
-2.423999999999999939e-03
-2.422000000000000108e-03
-2.420000000000000276e-03
-2.418000000000000010e-03
-2.416000000000000179e-03
-2.413999999999999913e-03
-2.412000000000000081e-03
-2.410000000000000250e-03
-2.407999999999999984e-03
-2.406000000000000152e-03
-2.403999999999999887e-03
-2.402000000000000055e-03
-2.400000000000000223e-03
-2.397999999999999958e-03
-2.396000000000000126e-03
-2.393999999999999861e-03
-2.392000000000000029e-03
-2.390000000000000197e-03
-2.387999999999999932e-03
-2.386000000000000100e-03
-2.383999999999999835e-03
-2.382000000000000003e-03
-2.380000000000000171e-03
-2.377999999999999906e-03
-2.376000000000000074e-03
-2.374000000000000242e-03
-2.371999999999999977e-03
-2.370000000000000145e-03
-2.367999999999999879e-03
-2.366000000000000048e-03
-2.364000000000000216e-03
-2.361999999999999950e-03
-2.360000000000000119e-03
-2.357999999999999853e-03
-2.356000000000000021e-03
-2.354000000000000190e-03
-2.351999999999999924e-03
-2.350000000000000092e-03
-2.348000000000000261e-03
-2.345999999999999995e-03
-2.344000000000000163e-03
-2.341999999999999898e-03
-2.340000000000000066e-03
-2.338000000000000234e-03
-2.335999999999999969e-03
-2.334000000000000137e-03
-2.331999999999999872e-03
-2.330000000000000040e-03
-2.328000000000000208e-03
-2.325999999999999943e-03
-2.324000000000000111e-03
-2.322000000000000279e-03
-2.320000000000000014e-03
-2.318000000000000182e-03
-2.315999999999999916e-03
-2.314000000000000085e-03
-2.312000000000000253e-03
-2.309999999999999987e-03
-2.308000000000000156e-03
-2.305999999999999890e-03
-2.304000000000000058e-03
-2.302000000000000227e-03
-2.299999999999999961e-03
-2.298000000000000129e-03
-2.295999999999999864e-03
-2.294000000000000032e-03
-2.292000000000000200e-03
-2.289999999999999935e-03
-2.288000000000000103e-03
-2.285999999999999838e-03
-2.284000000000000006e-03
-2.282000000000000174e-03
-2.279999999999999909e-03
-2.278000000000000077e-03
-2.276000000000000245e-03
-2.273999999999999980e-03
-2.272000000000000148e-03
-2.269999999999999882e-03
-2.268000000000000051e-03
-2.266000000000000219e-03
-2.263999999999999953e-03
-2.262000000000000122e-03
-2.259999999999999856e-03
-2.258000000000000024e-03
-2.256000000000000193e-03
-2.253999999999999927e-03
-2.252000000000000095e-03
-2.250000000000000264e-03
-2.247999999999999998e-03
-2.246000000000000166e-03
-2.243999999999999901e-03
-2.242000000000000069e-03
-2.240000000000000237e-03
-2.237999999999999972e-03
-2.236000000000000140e-03
-2.233999999999999875e-03
-2.232000000000000043e-03
-2.230000000000000211e-03
-2.227999999999999946e-03
-2.226000000000000114e-03
-2.224000000000000282e-03
-2.222000000000000017e-03
-2.220000000000000185e-03
-2.217999999999999920e-03
-2.216000000000000088e-03
-2.213999999999999822e-03
-2.211999999999999991e-03
-2.210000000000000159e-03
-2.207999999999999893e-03
-2.206000000000000062e-03
-2.204000000000000230e-03
-2.201999999999999964e-03
-2.200000000000000133e-03
-2.198000000000000301e-03
-2.196000000000000035e-03
-2.194000000000000204e-03
-2.191999999999999938e-03
-2.190000000000000106e-03
-2.187999999999999841e-03
-2.186000000000000009e-03
-2.184000000000000177e-03
-2.181999999999999912e-03
-2.180000000000000080e-03
-2.178000000000000248e-03
-2.175999999999999983e-03
-2.174000000000000151e-03
-2.171999999999999886e-03
-2.170000000000000054e-03
-2.168000000000000222e-03
-2.165999999999999957e-03
-2.164000000000000125e-03
-2.161999999999999859e-03
-2.160000000000000028e-03
-2.158000000000000196e-03
-2.155999999999999930e-03
-2.154000000000000099e-03
-2.152000000000000267e-03
-2.150000000000000001e-03
-2.148000000000000170e-03
-2.145999999999999904e-03
-2.144000000000000072e-03
-2.142000000000000241e-03
-2.139999999999999975e-03
-2.138000000000000143e-03
-2.135999999999999878e-03
-2.134000000000000046e-03
-2.132000000000000214e-03
-2.129999999999999949e-03
-2.128000000000000117e-03
-2.126000000000000285e-03
-2.124000000000000020e-03
-2.122000000000000188e-03
-2.119999999999999923e-03
-2.118000000000000091e-03
-2.115999999999999825e-03
-2.113999999999999994e-03
-2.112000000000000162e-03
-2.109999999999999896e-03
-2.108000000000000065e-03
-2.106000000000000233e-03
-2.103999999999999967e-03
-2.102000000000000136e-03
-2.100000000000000304e-03
-2.098000000000000038e-03
-2.096000000000000207e-03
-2.093999999999999941e-03
-2.092000000000000109e-03
-2.089999999999999844e-03
-2.088000000000000012e-03
-2.086000000000000180e-03
-2.083999999999999915e-03
-2.082000000000000083e-03
-2.080000000000000251e-03
-2.077999999999999986e-03
-2.076000000000000154e-03
-2.073999999999999889e-03
-2.072000000000000057e-03
-2.070000000000000225e-03
-2.067999999999999960e-03
-2.066000000000000128e-03
-2.063999999999999863e-03
-2.062000000000000031e-03
-2.060000000000000199e-03
-2.057999999999999934e-03
-2.056000000000000102e-03
-2.054000000000000270e-03
-2.052000000000000005e-03
-2.050000000000000173e-03
-2.047999999999999907e-03
-2.046000000000000076e-03
-2.044000000000000244e-03
-2.041999999999999978e-03
-2.040000000000000147e-03
-2.037999999999999881e-03
-2.036000000000000049e-03
-2.034000000000000218e-03
-2.031999999999999952e-03
-2.030000000000000120e-03
-2.028000000000000289e-03
-2.026000000000000023e-03
-2.024000000000000191e-03
-2.021999999999999926e-03
-2.020000000000000094e-03
-2.018000000000000262e-03
-2.015999999999999997e-03
-2.014000000000000165e-03
-2.011999999999999900e-03
-2.010000000000000068e-03
-2.008000000000000236e-03
-2.005999999999999971e-03
-2.004000000000000139e-03
-2.002000000000000307e-03
-2.000000000000000042e-03
-1.998000000000000210e-03
-1.995999999999999944e-03
-1.994000000000000113e-03
-1.991999999999999847e-03
-1.990000000000000015e-03
-1.988000000000000184e-03
-1.985999999999999918e-03
-1.984000000000000086e-03
-1.982000000000000255e-03
-1.979999999999999989e-03
-1.978000000000000157e-03
-1.976000000000000326e-03
-1.974000000000000060e-03
-1.972000000000000228e-03
-1.969999999999999963e-03
-1.968000000000000131e-03
-1.965999999999999866e-03
-1.964000000000000034e-03
-1.962000000000000202e-03
-1.959999999999999937e-03
-1.958000000000000105e-03
-1.956000000000000273e-03
-1.954000000000000008e-03
-1.952000000000000176e-03
-1.950000000000000127e-03
-1.948000000000000079e-03
-1.946000000000000030e-03
-1.943999999999999981e-03
-1.942000000000000150e-03
-1.940000000000000101e-03
-1.938000000000000052e-03
-1.936000000000000221e-03
-1.933999999999999955e-03
-1.932000000000000123e-03
-1.930000000000000075e-03
-1.928000000000000026e-03
-1.926000000000000194e-03
-1.923999999999999929e-03
-1.922000000000000097e-03
-1.920000000000000049e-03
-1.918000000000000000e-03
-1.916000000000000168e-03
-1.914000000000000120e-03
-1.912000000000000071e-03
-1.910000000000000239e-03
-1.907999999999999974e-03
-1.906000000000000142e-03
-1.904000000000000093e-03
-1.902000000000000045e-03
-1.900000000000000213e-03
-1.897999999999999948e-03
-1.896000000000000116e-03
-1.894000000000000067e-03
-1.892000000000000019e-03
-1.890000000000000187e-03
-1.887999999999999921e-03
-1.886000000000000090e-03
-1.884000000000000041e-03
-1.881999999999999992e-03
-1.880000000000000161e-03
-1.878000000000000112e-03
-1.876000000000000063e-03
-1.874000000000000232e-03
-1.871999999999999966e-03
-1.870000000000000134e-03
-1.868000000000000086e-03
-1.866000000000000037e-03
-1.864000000000000205e-03
-1.861999999999999940e-03
-1.860000000000000108e-03
-1.858000000000000059e-03
-1.856000000000000011e-03
-1.854000000000000179e-03
-1.852000000000000130e-03
-1.850000000000000082e-03
-1.848000000000000033e-03
-1.845999999999999985e-03
-1.844000000000000153e-03
-1.842000000000000104e-03
-1.840000000000000056e-03
-1.838000000000000224e-03
-1.835999999999999958e-03
-1.834000000000000127e-03
-1.832000000000000078e-03
-1.830000000000000029e-03
-1.828000000000000198e-03
-1.825999999999999932e-03
-1.824000000000000100e-03
-1.822000000000000052e-03
-1.820000000000000003e-03
-1.818000000000000171e-03
-1.816000000000000123e-03
-1.814000000000000074e-03
-1.812000000000000242e-03
-1.809999999999999977e-03
-1.808000000000000145e-03
-1.806000000000000097e-03
-1.804000000000000048e-03
-1.802000000000000216e-03
-1.799999999999999951e-03
-1.798000000000000119e-03
-1.796000000000000070e-03
-1.794000000000000022e-03
-1.792000000000000190e-03
-1.789999999999999925e-03
-1.788000000000000093e-03
-1.786000000000000044e-03
-1.783999999999999996e-03
-1.782000000000000164e-03
-1.780000000000000115e-03
-1.778000000000000067e-03
-1.776000000000000235e-03
-1.773999999999999969e-03
-1.772000000000000138e-03
-1.770000000000000089e-03
-1.768000000000000040e-03
-1.766000000000000208e-03
-1.763999999999999943e-03
-1.762000000000000111e-03
-1.760000000000000063e-03
-1.758000000000000014e-03
-1.756000000000000182e-03
-1.754000000000000134e-03
-1.752000000000000085e-03
-1.750000000000000036e-03
-1.747999999999999988e-03
-1.746000000000000156e-03
-1.744000000000000107e-03
-1.742000000000000059e-03
-1.740000000000000227e-03
-1.737999999999999962e-03
-1.736000000000000130e-03
-1.734000000000000081e-03
-1.732000000000000033e-03
-1.730000000000000201e-03
-1.727999999999999935e-03
-1.726000000000000104e-03
-1.724000000000000055e-03
-1.722000000000000006e-03
-1.720000000000000175e-03
-1.718000000000000126e-03
-1.716000000000000077e-03
-1.714000000000000246e-03
-1.711999999999999980e-03
-1.710000000000000148e-03
-1.708000000000000100e-03
-1.706000000000000051e-03
-1.704000000000000219e-03
-1.701999999999999954e-03
-1.700000000000000122e-03
-1.698000000000000074e-03
-1.696000000000000025e-03
-1.694000000000000193e-03
-1.691999999999999928e-03
-1.690000000000000096e-03
-1.688000000000000047e-03
-1.685999999999999999e-03
-1.684000000000000167e-03
-1.682000000000000118e-03
-1.680000000000000070e-03
-1.678000000000000238e-03
-1.675999999999999972e-03
-1.674000000000000141e-03
-1.672000000000000092e-03
-1.670000000000000043e-03
-1.668000000000000212e-03
-1.665999999999999946e-03
-1.664000000000000114e-03
-1.662000000000000066e-03
-1.660000000000000017e-03
-1.658000000000000185e-03
-1.656000000000000137e-03
-1.654000000000000088e-03
-1.652000000000000040e-03
-1.649999999999999991e-03
-1.648000000000000159e-03
-1.646000000000000111e-03
-1.644000000000000062e-03
-1.642000000000000230e-03
-1.639999999999999965e-03
-1.638000000000000133e-03
-1.636000000000000084e-03
-1.634000000000000036e-03
-1.632000000000000204e-03
-1.629999999999999939e-03
-1.628000000000000107e-03
-1.626000000000000058e-03
-1.624000000000000010e-03
-1.622000000000000178e-03
-1.620000000000000129e-03
-1.618000000000000081e-03
-1.616000000000000249e-03
-1.613999999999999983e-03
-1.612000000000000152e-03
-1.610000000000000103e-03
-1.608000000000000054e-03
-1.606000000000000223e-03
-1.603999999999999957e-03
-1.602000000000000125e-03
-1.600000000000000077e-03
-1.598000000000000028e-03
-1.596000000000000196e-03
-1.593999999999999931e-03
-1.592000000000000099e-03
-1.590000000000000050e-03
-1.588000000000000002e-03
-1.586000000000000170e-03
-1.584000000000000121e-03
-1.582000000000000073e-03
-1.580000000000000241e-03
-1.577999999999999976e-03
-1.576000000000000144e-03
-1.574000000000000095e-03
-1.572000000000000047e-03
-1.570000000000000215e-03
-1.567999999999999949e-03
-1.566000000000000118e-03
-1.564000000000000069e-03
-1.562000000000000020e-03
-1.560000000000000189e-03
-1.558000000000000140e-03
-1.556000000000000091e-03
-1.554000000000000043e-03
-1.551999999999999994e-03
-1.550000000000000162e-03
-1.548000000000000114e-03
-1.546000000000000065e-03
-1.544000000000000233e-03
-1.541999999999999968e-03
-1.540000000000000136e-03
-1.538000000000000088e-03
-1.536000000000000039e-03
-1.534000000000000207e-03
-1.531999999999999942e-03
-1.530000000000000110e-03
-1.528000000000000061e-03
-1.526000000000000013e-03
-1.524000000000000181e-03
-1.522000000000000132e-03
-1.520000000000000084e-03
-1.518000000000000035e-03
-1.516000000000000203e-03
-1.514000000000000155e-03
-1.512000000000000106e-03
-1.510000000000000057e-03
-1.508000000000000009e-03
-1.506000000000000177e-03
-1.504000000000000128e-03
-1.502000000000000080e-03
-1.500000000000000031e-03
-1.498000000000000199e-03
-1.496000000000000151e-03
-1.494000000000000102e-03
-1.492000000000000054e-03
-1.490000000000000005e-03
-1.488000000000000173e-03
-1.486000000000000125e-03
-1.484000000000000076e-03
-1.482000000000000027e-03
-1.480000000000000196e-03
-1.478000000000000147e-03
-1.476000000000000098e-03
-1.474000000000000050e-03
-1.472000000000000001e-03
-1.470000000000000169e-03
-1.468000000000000121e-03
-1.466000000000000072e-03
-1.464000000000000024e-03
-1.462000000000000192e-03
-1.460000000000000143e-03
-1.458000000000000095e-03
-1.456000000000000046e-03
-1.453999999999999997e-03
-1.452000000000000166e-03
-1.450000000000000117e-03
-1.448000000000000068e-03
-1.446000000000000020e-03
-1.444000000000000188e-03
-1.442000000000000139e-03
-1.440000000000000091e-03
-1.438000000000000042e-03
-1.435999999999999993e-03
-1.434000000000000162e-03
-1.432000000000000113e-03
-1.430000000000000064e-03
-1.428000000000000016e-03
-1.426000000000000184e-03
-1.424000000000000135e-03
-1.422000000000000087e-03
-1.420000000000000038e-03
-1.418000000000000206e-03
-1.416000000000000158e-03
-1.414000000000000109e-03
-1.412000000000000061e-03
-1.410000000000000012e-03
-1.408000000000000180e-03
-1.406000000000000132e-03
-1.404000000000000083e-03
-1.402000000000000034e-03
-1.400000000000000203e-03
-1.398000000000000154e-03
-1.396000000000000105e-03
-1.394000000000000057e-03
-1.392000000000000008e-03
-1.390000000000000176e-03
-1.388000000000000128e-03
-1.386000000000000079e-03
-1.384000000000000031e-03
-1.382000000000000199e-03
-1.380000000000000150e-03
-1.378000000000000102e-03
-1.376000000000000053e-03
-1.374000000000000004e-03
-1.372000000000000173e-03
-1.370000000000000124e-03
-1.368000000000000075e-03
-1.366000000000000027e-03
-1.364000000000000195e-03
-1.362000000000000146e-03
-1.360000000000000098e-03
-1.358000000000000049e-03
-1.356000000000000000e-03
-1.354000000000000169e-03
-1.352000000000000120e-03
-1.350000000000000071e-03
-1.348000000000000023e-03
-1.346000000000000191e-03
-1.344000000000000142e-03
-1.342000000000000094e-03
-1.340000000000000045e-03
-1.337999999999999997e-03
-1.336000000000000165e-03
-1.334000000000000116e-03
-1.332000000000000068e-03
-1.330000000000000019e-03
-1.328000000000000187e-03
-1.326000000000000139e-03
-1.324000000000000090e-03
-1.322000000000000041e-03
-1.320000000000000210e-03
-1.318000000000000161e-03
-1.316000000000000112e-03
-1.314000000000000064e-03
-1.312000000000000015e-03
-1.310000000000000183e-03
-1.308000000000000135e-03
-1.306000000000000086e-03
-1.304000000000000038e-03
-1.302000000000000206e-03
-1.300000000000000157e-03
-1.298000000000000109e-03
-1.296000000000000060e-03
-1.294000000000000011e-03
-1.292000000000000180e-03
-1.290000000000000131e-03
-1.288000000000000082e-03
-1.286000000000000034e-03
-1.284000000000000202e-03
-1.282000000000000153e-03
-1.280000000000000105e-03
-1.278000000000000056e-03
-1.276000000000000007e-03
-1.274000000000000176e-03
-1.272000000000000127e-03
-1.270000000000000078e-03
-1.268000000000000030e-03
-1.266000000000000198e-03
-1.264000000000000149e-03
-1.262000000000000101e-03
-1.260000000000000052e-03
-1.258000000000000004e-03
-1.256000000000000172e-03
-1.254000000000000123e-03
-1.252000000000000075e-03
-1.250000000000000026e-03
-1.248000000000000194e-03
-1.246000000000000146e-03
-1.244000000000000097e-03
-1.242000000000000048e-03
-1.240000000000000217e-03
-1.238000000000000168e-03
-1.236000000000000119e-03
-1.234000000000000071e-03
-1.232000000000000022e-03
-1.230000000000000190e-03
-1.228000000000000142e-03
-1.226000000000000093e-03
-1.224000000000000045e-03
-1.222000000000000213e-03
-1.220000000000000164e-03
-1.218000000000000116e-03
-1.216000000000000067e-03
-1.214000000000000018e-03
-1.212000000000000187e-03
-1.210000000000000138e-03
-1.208000000000000089e-03
-1.206000000000000041e-03
-1.204000000000000209e-03
-1.202000000000000160e-03
-1.200000000000000112e-03
-1.198000000000000063e-03
-1.196000000000000014e-03
-1.194000000000000183e-03
-1.192000000000000134e-03
-1.190000000000000085e-03
-1.188000000000000037e-03
-1.186000000000000205e-03
-1.184000000000000156e-03
-1.182000000000000108e-03
-1.180000000000000059e-03
-1.178000000000000011e-03
-1.176000000000000179e-03
-1.174000000000000130e-03
-1.172000000000000082e-03
-1.170000000000000033e-03
-1.168000000000000201e-03
-1.166000000000000153e-03
-1.164000000000000104e-03
-1.162000000000000055e-03
-1.160000000000000007e-03
-1.158000000000000175e-03
-1.156000000000000126e-03
-1.154000000000000078e-03
-1.152000000000000029e-03
-1.150000000000000197e-03
-1.148000000000000149e-03
-1.146000000000000100e-03
-1.144000000000000052e-03
-1.142000000000000220e-03
-1.140000000000000171e-03
-1.138000000000000123e-03
-1.136000000000000074e-03
-1.134000000000000025e-03
-1.132000000000000194e-03
-1.130000000000000145e-03
-1.128000000000000096e-03
-1.126000000000000048e-03
-1.124000000000000216e-03
-1.122000000000000167e-03
-1.120000000000000119e-03
-1.118000000000000070e-03
-1.116000000000000021e-03
-1.114000000000000190e-03
-1.112000000000000141e-03
-1.110000000000000092e-03
-1.108000000000000044e-03
-1.106000000000000212e-03
-1.104000000000000163e-03
-1.102000000000000115e-03
-1.100000000000000066e-03
-1.098000000000000018e-03
-1.096000000000000186e-03
-1.094000000000000137e-03
-1.092000000000000089e-03
-1.090000000000000040e-03
-1.088000000000000208e-03
-1.086000000000000160e-03
-1.084000000000000111e-03
-1.082000000000000062e-03
-1.080000000000000014e-03
-1.078000000000000182e-03
-1.076000000000000133e-03
-1.074000000000000085e-03
-1.072000000000000036e-03
-1.070000000000000204e-03
-1.068000000000000156e-03
-1.066000000000000107e-03
-1.064000000000000059e-03
-1.062000000000000010e-03
-1.060000000000000178e-03
-1.058000000000000130e-03
-1.056000000000000081e-03
-1.054000000000000032e-03
-1.052000000000000201e-03
-1.050000000000000152e-03
-1.048000000000000103e-03
-1.046000000000000055e-03
-1.044000000000000223e-03
-1.042000000000000174e-03
-1.040000000000000126e-03
-1.038000000000000077e-03
-1.036000000000000029e-03
-1.034000000000000197e-03
-1.032000000000000148e-03
-1.030000000000000100e-03
-1.028000000000000051e-03
-1.026000000000000219e-03
-1.024000000000000171e-03
-1.022000000000000122e-03
-1.020000000000000073e-03
-1.018000000000000025e-03
-1.016000000000000193e-03
-1.014000000000000144e-03
-1.012000000000000096e-03
-1.010000000000000047e-03
-1.008000000000000215e-03
-1.006000000000000167e-03
-1.004000000000000118e-03
-1.002000000000000069e-03
-1.000000000000000021e-03
-9.980000000000001890e-04
-9.960000000000001404e-04
-9.940000000000000918e-04
-9.920000000000000432e-04
-9.900000000000002114e-04
-9.880000000000001628e-04
-9.860000000000001142e-04
-9.840000000000000656e-04
-9.820000000000000170e-04
-9.800000000000001852e-04
-9.780000000000001366e-04
-9.760000000000000880e-04
-9.740000000000000394e-04
-9.720000000000002076e-04
-9.700000000000001590e-04
-9.680000000000001104e-04
-9.660000000000000617e-04
-9.640000000000000131e-04
-9.620000000000001814e-04
-9.600000000000001327e-04
-9.580000000000000841e-04
-9.560000000000000355e-04
-9.540000000000002037e-04
-9.520000000000001551e-04
-9.500000000000001065e-04
-9.480000000000000579e-04
-9.460000000000002261e-04
-9.440000000000001775e-04
-9.420000000000001289e-04
-9.400000000000000803e-04
-9.380000000000000317e-04
-9.360000000000001999e-04
-9.340000000000001513e-04
-9.320000000000001027e-04
-9.300000000000000541e-04
-9.280000000000002223e-04
-9.260000000000001737e-04
-9.240000000000001251e-04
-9.220000000000000764e-04
-9.200000000000000278e-04
-9.180000000000001961e-04
-9.160000000000001474e-04
-9.140000000000000988e-04
-9.120000000000000502e-04
-9.100000000000002184e-04
-9.080000000000001698e-04
-9.060000000000001212e-04
-9.040000000000000726e-04
-9.020000000000000240e-04
-9.000000000000001922e-04
-8.980000000000001436e-04
-8.960000000000000950e-04
-8.940000000000000464e-04
-8.920000000000002146e-04
-8.900000000000001660e-04
-8.880000000000001174e-04
-8.860000000000000688e-04
-8.840000000000000201e-04
-8.820000000000001884e-04
-8.800000000000001397e-04
-8.780000000000000911e-04
-8.760000000000000425e-04
-8.740000000000002107e-04
-8.720000000000001621e-04
-8.700000000000001135e-04
-8.680000000000000649e-04
-8.660000000000002331e-04
-8.640000000000001845e-04
-8.620000000000001359e-04
-8.600000000000000873e-04
-8.580000000000000387e-04
-8.560000000000002069e-04
-8.540000000000001583e-04
-8.520000000000001097e-04
-8.500000000000000611e-04
-8.480000000000002293e-04
-8.460000000000001807e-04
-8.440000000000001321e-04
-8.420000000000000834e-04
-8.400000000000000348e-04
-8.380000000000002031e-04
-8.360000000000001544e-04
-8.340000000000001058e-04
-8.320000000000000572e-04
-8.300000000000002254e-04
-8.280000000000001768e-04
-8.260000000000001282e-04
-8.240000000000000796e-04
-8.220000000000000310e-04
-8.200000000000001992e-04
-8.180000000000001506e-04
-8.160000000000001020e-04
-8.140000000000000534e-04
-8.120000000000002216e-04
-8.100000000000001730e-04
-8.080000000000001244e-04
-8.060000000000000758e-04
-8.040000000000000271e-04
-8.020000000000001954e-04
-8.000000000000001468e-04
-7.980000000000000981e-04
-7.960000000000000495e-04
-7.940000000000002178e-04
-7.920000000000001691e-04
-7.900000000000001205e-04
-7.880000000000000719e-04
-7.860000000000000233e-04
-7.840000000000001915e-04
-7.820000000000001429e-04
-7.800000000000000943e-04
-7.780000000000000457e-04
-7.760000000000002139e-04
-7.740000000000001653e-04
-7.720000000000001167e-04
-7.700000000000000681e-04
-7.680000000000002363e-04
-7.660000000000001877e-04
-7.640000000000001391e-04
-7.620000000000000905e-04
-7.600000000000000418e-04
-7.580000000000002101e-04
-7.560000000000001615e-04
-7.540000000000001128e-04
-7.520000000000000642e-04
-7.500000000000002325e-04
-7.480000000000001838e-04
-7.460000000000001352e-04
-7.440000000000000866e-04
-7.420000000000000380e-04
-7.400000000000002062e-04
-7.380000000000001576e-04
-7.360000000000001090e-04
-7.340000000000000604e-04
-7.320000000000002286e-04
-7.300000000000001800e-04
-7.280000000000001314e-04
-7.260000000000000828e-04
-7.240000000000000342e-04
-7.220000000000002024e-04
-7.200000000000001538e-04
-7.180000000000001052e-04
-7.160000000000000565e-04
-7.140000000000002248e-04
-7.120000000000001762e-04
-7.100000000000001275e-04
-7.080000000000000789e-04
-7.060000000000000303e-04
-7.040000000000001985e-04
-7.020000000000001499e-04
-7.000000000000001013e-04
-6.980000000000000527e-04
-6.960000000000002209e-04
-6.940000000000001723e-04
-6.920000000000001237e-04
-6.900000000000000751e-04
-6.880000000000000265e-04
-6.860000000000001947e-04
-6.840000000000001461e-04
-6.820000000000000975e-04
-6.800000000000000488e-04
-6.780000000000002171e-04
-6.760000000000001685e-04
-6.740000000000001198e-04
-6.720000000000000712e-04
-6.700000000000002395e-04
-6.680000000000001908e-04
-6.660000000000001422e-04
-6.640000000000000936e-04
-6.620000000000000450e-04
-6.600000000000002132e-04
-6.580000000000001646e-04
-6.560000000000001160e-04
-6.540000000000000674e-04
-6.520000000000002356e-04
-6.500000000000001870e-04
-6.480000000000001384e-04
-6.460000000000000898e-04
-6.440000000000000412e-04
-6.420000000000002094e-04
-6.400000000000001608e-04
-6.380000000000001122e-04
-6.360000000000000635e-04
-6.340000000000002318e-04
-6.320000000000001832e-04
-6.300000000000001345e-04
-6.280000000000000859e-04
-6.260000000000000373e-04
-6.240000000000002055e-04
-6.220000000000001569e-04
-6.200000000000001083e-04
-6.180000000000000597e-04
-6.160000000000002279e-04
-6.140000000000001793e-04
-6.120000000000001307e-04
-6.100000000000000821e-04
-6.080000000000000335e-04
-6.060000000000002017e-04
-6.040000000000001531e-04
-6.020000000000001045e-04
-6.000000000000000559e-04
-5.980000000000002241e-04
-5.960000000000001755e-04
-5.940000000000001269e-04
-5.920000000000000782e-04
-5.900000000000002465e-04
-5.880000000000001979e-04
-5.860000000000001492e-04
-5.840000000000001006e-04
-5.820000000000000520e-04
-5.800000000000002202e-04
-5.780000000000001716e-04
-5.760000000000001230e-04
-5.740000000000000744e-04
-5.720000000000002426e-04
-5.700000000000001940e-04
-5.680000000000001454e-04
-5.660000000000000968e-04
-5.640000000000000482e-04
-5.620000000000002164e-04
-5.600000000000001678e-04
-5.580000000000001192e-04
-5.560000000000000706e-04
-5.540000000000002388e-04
-5.520000000000001902e-04
-5.500000000000001416e-04
-5.480000000000000929e-04
-5.460000000000000443e-04
-5.440000000000002126e-04
-5.419999999999999471e-04
-5.400000000000001153e-04
-5.380000000000002836e-04
-5.360000000000000181e-04
-5.340000000000001863e-04
-5.320000000000003545e-04
-5.300000000000000891e-04
-5.280000000000002573e-04
-5.259999999999999919e-04
-5.240000000000001601e-04
-5.220000000000003283e-04
-5.200000000000000629e-04
-5.180000000000002311e-04
-5.159999999999999656e-04
-5.140000000000001339e-04
-5.120000000000003021e-04
-5.100000000000000366e-04
-5.080000000000002049e-04
-5.059999999999999394e-04
-5.040000000000001076e-04
-5.020000000000002759e-04
-5.000000000000000104e-04
-4.980000000000001786e-04
-4.960000000000003469e-04
-4.940000000000000814e-04
-4.920000000000002496e-04
-4.899999999999999842e-04
-4.880000000000001524e-04
-4.860000000000003206e-04
-4.840000000000000552e-04
-4.820000000000002234e-04
-4.799999999999999580e-04
-4.780000000000001262e-04
-4.760000000000002944e-04
-4.740000000000000289e-04
-4.720000000000001972e-04
-4.699999999999999317e-04
-4.680000000000000999e-04
-4.660000000000002682e-04
-4.640000000000000027e-04
-4.620000000000001709e-04
-4.600000000000003392e-04
-4.580000000000000737e-04
-4.560000000000002419e-04
-4.539999999999999765e-04
-4.520000000000001447e-04
-4.500000000000003129e-04
-4.480000000000000475e-04
-4.460000000000002157e-04
-4.439999999999999503e-04
-4.420000000000001185e-04
-4.400000000000002867e-04
-4.380000000000000213e-04
-4.360000000000001895e-04
-4.340000000000003577e-04
-4.320000000000000923e-04
-4.300000000000002605e-04
-4.279999999999999950e-04
-4.260000000000001633e-04
-4.240000000000003315e-04
-4.220000000000000660e-04
-4.200000000000002343e-04
-4.179999999999999688e-04
-4.160000000000001370e-04
-4.140000000000003053e-04
-4.120000000000000398e-04
-4.100000000000002080e-04
-4.079999999999999426e-04
-4.060000000000001108e-04
-4.040000000000002790e-04
-4.020000000000000136e-04
-4.000000000000001818e-04
-3.980000000000003500e-04
-3.960000000000000846e-04
-3.940000000000002528e-04
-3.919999999999999873e-04
-3.900000000000001556e-04
-3.880000000000003238e-04
-3.860000000000000583e-04
-3.840000000000002266e-04
-3.819999999999999611e-04
-3.800000000000001293e-04
-3.780000000000002976e-04
-3.760000000000000321e-04
-3.740000000000002003e-04
-3.719999999999999349e-04
-3.700000000000001031e-04
-3.680000000000002713e-04
-3.660000000000000059e-04
-3.640000000000001741e-04
-3.620000000000003423e-04
-3.600000000000000769e-04
-3.580000000000002451e-04
-3.559999999999999797e-04
-3.540000000000001479e-04
-3.520000000000003161e-04
-3.500000000000000507e-04
-3.480000000000002189e-04
-3.459999999999999534e-04
-3.440000000000001217e-04
-3.420000000000002899e-04
-3.400000000000000244e-04
-3.380000000000001927e-04
-3.360000000000003609e-04
-3.340000000000000954e-04
-3.320000000000002637e-04
-3.299999999999999982e-04
-3.280000000000001664e-04
-3.260000000000003346e-04
-3.240000000000000692e-04
-3.220000000000002374e-04
-3.199999999999999720e-04
-3.180000000000001402e-04
-3.160000000000003084e-04
-3.140000000000000430e-04
-3.120000000000002112e-04
-3.099999999999999457e-04
-3.080000000000001140e-04
-3.060000000000002822e-04
-3.040000000000000167e-04
-3.020000000000001850e-04
-3.000000000000003532e-04
-2.980000000000000877e-04
-2.960000000000002560e-04
-2.939999999999999905e-04
-2.920000000000001587e-04
-2.900000000000003270e-04
-2.880000000000000615e-04
-2.860000000000002297e-04
-2.839999999999999643e-04
-2.820000000000001325e-04
-2.800000000000003007e-04
-2.780000000000000353e-04
-2.760000000000002035e-04
-2.739999999999999380e-04
-2.720000000000001063e-04
-2.700000000000002745e-04
-2.680000000000000090e-04
-2.660000000000001773e-04
-2.640000000000003455e-04
-2.620000000000000800e-04
-2.600000000000002483e-04
-2.579999999999999828e-04
-2.560000000000001510e-04
-2.540000000000003193e-04
-2.520000000000000538e-04
-2.500000000000002220e-04
-2.479999999999999566e-04
-2.460000000000001248e-04
-2.440000000000002930e-04
-2.420000000000000276e-04
-2.400000000000001958e-04
-2.380000000000003640e-04
-2.360000000000000986e-04
-2.340000000000002668e-04
-2.320000000000000014e-04
-2.300000000000001696e-04
-2.280000000000003378e-04
-2.260000000000000724e-04
-2.240000000000002406e-04
-2.219999999999999751e-04
-2.200000000000001434e-04
-2.180000000000003116e-04
-2.160000000000000461e-04
-2.140000000000002144e-04
-2.119999999999999489e-04
-2.100000000000001171e-04
-2.080000000000002854e-04
-2.060000000000000199e-04
-2.040000000000001881e-04
-2.020000000000003564e-04
-2.000000000000000909e-04
-1.980000000000002591e-04
-1.959999999999999937e-04
-1.940000000000001619e-04
-1.920000000000003301e-04
-1.900000000000000647e-04
-1.880000000000002329e-04
-1.859999999999999674e-04
-1.840000000000001357e-04
-1.820000000000003039e-04
-1.800000000000000384e-04
-1.780000000000002067e-04
-1.759999999999999412e-04
-1.740000000000001094e-04
-1.720000000000002777e-04
-1.700000000000000122e-04
-1.680000000000001804e-04
-1.660000000000003487e-04
-1.640000000000000832e-04
-1.620000000000002514e-04
-1.599999999999999860e-04
-1.580000000000001542e-04
-1.560000000000003224e-04
-1.540000000000000570e-04
-1.520000000000002252e-04
-1.499999999999999598e-04
-1.480000000000001280e-04
-1.460000000000002962e-04
-1.440000000000000308e-04
-1.420000000000001990e-04
-1.400000000000003672e-04
-1.380000000000001018e-04
-1.360000000000002700e-04
-1.340000000000000045e-04
-1.320000000000001728e-04
-1.300000000000003410e-04
-1.280000000000000755e-04
-1.260000000000002437e-04
-1.239999999999999783e-04
-1.220000000000001465e-04
-1.200000000000003147e-04
-1.180000000000000493e-04
-1.160000000000002175e-04
-1.139999999999999521e-04
-1.120000000000001203e-04
-1.100000000000002885e-04
-1.080000000000000231e-04
-1.060000000000001913e-04
-1.040000000000003595e-04
-1.020000000000000941e-04
-1.000000000000002623e-04
-9.799999999999999684e-05
-9.600000000000016506e-05
-9.400000000000033329e-05
-9.200000000000006783e-05
-9.000000000000023606e-05
-8.799999999999997061e-05
-8.600000000000013883e-05
-8.400000000000030706e-05
-8.200000000000004161e-05
-8.000000000000020983e-05
-7.800000000000037806e-05
-7.600000000000011260e-05
-7.400000000000028083e-05
-7.200000000000001538e-05
-7.000000000000018360e-05
-6.800000000000035183e-05
-6.600000000000008638e-05
-6.400000000000025460e-05
-6.199999999999998915e-05
-6.000000000000015737e-05
-5.800000000000032560e-05
-5.600000000000006015e-05
-5.400000000000022837e-05
-5.199999999999996292e-05
-5.000000000000013115e-05
-4.800000000000029937e-05
-4.600000000000003392e-05
-4.400000000000020214e-05
-4.200000000000037037e-05
-4.000000000000010492e-05
-3.800000000000027314e-05
-3.600000000000000769e-05
-3.400000000000017591e-05
-3.200000000000034414e-05
-3.000000000000007869e-05
-2.800000000000024691e-05
-2.599999999999998146e-05
-2.400000000000014969e-05
-2.200000000000031791e-05
-2.000000000000005246e-05
-1.800000000000022068e-05
-1.599999999999995523e-05
-1.400000000000012346e-05
-1.200000000000029168e-05
-1.000000000000002623e-05
-8.000000000000194456e-06
-6.000000000000362682e-06
-4.000000000000097228e-06
-2.000000000000265454e-06
0.000000000000000000e+00
1.999999999999831773e-06
3.999999999999663547e-06
5.999999999999929001e-06
7.999999999999760775e-06
1.000000000000002623e-05
1.199999999999985800e-05
1.399999999999968978e-05
1.599999999999995523e-05
1.799999999999978700e-05
1.999999999999961878e-05
2.199999999999988423e-05
2.399999999999971600e-05
2.599999999999998146e-05
2.799999999999981323e-05
2.999999999999964501e-05
3.199999999999991046e-05
3.399999999999974223e-05
3.600000000000000769e-05
3.799999999999983946e-05
3.999999999999967124e-05
4.199999999999993669e-05
4.399999999999976846e-05
4.600000000000003392e-05
4.799999999999986569e-05
4.999999999999969746e-05
5.199999999999996292e-05
5.399999999999979469e-05
5.599999999999962647e-05
5.799999999999989192e-05
5.999999999999972369e-05
6.199999999999998915e-05
6.399999999999982092e-05
6.599999999999965269e-05
6.799999999999991815e-05
6.999999999999974992e-05
7.200000000000001538e-05
7.399999999999984715e-05
7.599999999999967892e-05
7.799999999999994438e-05
7.999999999999977615e-05
8.200000000000004161e-05
8.399999999999987338e-05
8.599999999999970515e-05
8.799999999999997061e-05
8.999999999999980238e-05
9.199999999999963415e-05
9.399999999999989961e-05
9.599999999999973138e-05
9.799999999999999684e-05
9.999999999999982861e-05
1.019999999999996604e-04
1.039999999999999258e-04
1.059999999999997576e-04
1.080000000000000231e-04
1.099999999999998548e-04
1.119999999999996866e-04
1.139999999999999521e-04
1.159999999999997838e-04
1.179999999999996156e-04
1.199999999999998811e-04
1.219999999999997128e-04
1.239999999999999783e-04
1.259999999999998101e-04
1.279999999999996418e-04
1.299999999999999073e-04
1.319999999999997391e-04
1.340000000000000045e-04
1.359999999999998363e-04
1.379999999999996681e-04
1.399999999999999335e-04
1.419999999999997653e-04
1.440000000000000308e-04
1.459999999999998625e-04
1.479999999999996943e-04
1.499999999999999598e-04
1.519999999999997915e-04
1.539999999999996233e-04
1.559999999999998888e-04
1.579999999999997205e-04
1.599999999999999860e-04
1.619999999999998178e-04
1.639999999999996495e-04
1.659999999999999150e-04
1.679999999999997468e-04
1.700000000000000122e-04
1.719999999999998440e-04
1.739999999999996758e-04
1.759999999999999412e-04
1.779999999999997730e-04
1.800000000000000384e-04
1.819999999999998702e-04
1.839999999999997020e-04
1.859999999999999674e-04
1.879999999999997992e-04
1.899999999999996310e-04
1.919999999999998964e-04
1.939999999999997282e-04
1.959999999999999937e-04
1.979999999999998254e-04
1.999999999999996572e-04
2.019999999999999227e-04
2.039999999999997544e-04
2.060000000000000199e-04
2.079999999999998517e-04
2.099999999999996834e-04
2.119999999999999489e-04
2.139999999999997807e-04
2.159999999999996124e-04
2.179999999999998779e-04
2.199999999999997097e-04
2.219999999999999751e-04
2.239999999999998069e-04
2.259999999999996387e-04
2.279999999999999041e-04
2.299999999999997359e-04
2.320000000000000014e-04
2.339999999999998331e-04
2.359999999999996649e-04
2.379999999999999304e-04
2.399999999999997621e-04
2.420000000000000276e-04
2.439999999999998594e-04
2.459999999999996911e-04
2.479999999999999566e-04
2.499999999999997884e-04
2.519999999999996201e-04
2.539999999999998856e-04
2.559999999999997174e-04
2.579999999999999828e-04
2.599999999999998146e-04
2.619999999999996464e-04
2.639999999999999118e-04
2.659999999999997436e-04
2.680000000000000090e-04
2.699999999999998408e-04
2.719999999999996726e-04
2.739999999999999380e-04
2.759999999999997698e-04
2.780000000000000353e-04
2.799999999999998671e-04
2.819999999999996988e-04
2.839999999999999643e-04
2.859999999999997961e-04
2.879999999999996278e-04
2.899999999999998933e-04
2.919999999999997251e-04
2.939999999999999905e-04
2.959999999999998223e-04
2.979999999999996541e-04
2.999999999999999195e-04
3.019999999999997513e-04
3.040000000000000167e-04
3.059999999999998485e-04
3.079999999999996803e-04
3.099999999999999457e-04
3.119999999999997775e-04
3.139999999999996093e-04
3.159999999999998747e-04
3.179999999999997065e-04
3.199999999999999720e-04
3.219999999999998037e-04
3.239999999999996355e-04
3.259999999999999010e-04
3.279999999999997327e-04
3.299999999999999982e-04
3.319999999999998300e-04
3.339999999999996617e-04
3.359999999999999272e-04
3.379999999999997590e-04
3.400000000000000244e-04
3.419999999999998562e-04
3.439999999999996880e-04
3.459999999999999534e-04
3.479999999999997852e-04
3.499999999999996170e-04
3.519999999999998824e-04
3.539999999999997142e-04
3.559999999999999797e-04
3.579999999999998114e-04
3.599999999999996432e-04
3.619999999999999087e-04
3.639999999999997404e-04
3.660000000000000059e-04
3.679999999999998377e-04
3.699999999999996694e-04
3.719999999999999349e-04
3.739999999999997667e-04
3.760000000000000321e-04
3.779999999999998639e-04
3.799999999999996957e-04
3.819999999999999611e-04
3.839999999999997929e-04
3.859999999999996247e-04
3.879999999999998901e-04
3.899999999999997219e-04
3.919999999999999873e-04
3.939999999999998191e-04
3.959999999999996509e-04
3.979999999999999163e-04
3.999999999999997481e-04
4.020000000000000136e-04
4.039999999999998453e-04
4.059999999999996771e-04
4.079999999999999426e-04
4.099999999999997743e-04
4.119999999999996061e-04
4.139999999999998716e-04
4.159999999999997033e-04
4.179999999999999688e-04
4.199999999999998006e-04
4.219999999999996323e-04
4.239999999999998978e-04
4.259999999999997296e-04
4.279999999999999950e-04
4.299999999999998268e-04
4.319999999999996586e-04
4.339999999999999240e-04
4.359999999999997558e-04
4.380000000000000213e-04
4.399999999999998530e-04
4.419999999999996848e-04
4.439999999999999503e-04
4.459999999999997820e-04
4.479999999999996138e-04
4.499999999999998793e-04
4.519999999999997110e-04
4.539999999999999765e-04
4.559999999999998083e-04
4.579999999999996400e-04
4.599999999999999055e-04
4.619999999999997373e-04
4.640000000000000027e-04
4.659999999999998345e-04
4.679999999999996663e-04
4.699999999999999317e-04
4.719999999999997635e-04
4.740000000000000289e-04
4.759999999999998607e-04
4.779999999999996925e-04
4.799999999999999580e-04
4.819999999999997897e-04
4.839999999999996215e-04
4.859999999999998870e-04
4.879999999999997187e-04
4.899999999999999842e-04
4.919999999999998160e-04
4.939999999999996477e-04
4.959999999999999132e-04
4.979999999999997450e-04
5.000000000000000104e-04
5.019999999999998422e-04
5.039999999999996740e-04
5.059999999999999394e-04
5.079999999999997712e-04
5.099999999999996030e-04
5.119999999999998684e-04
5.139999999999997002e-04
5.159999999999999656e-04
5.179999999999997974e-04
5.199999999999996292e-04
5.219999999999998946e-04
5.239999999999997264e-04
5.259999999999999919e-04
5.279999999999998236e-04
5.299999999999996554e-04
5.319999999999999209e-04
5.339999999999997526e-04
5.360000000000000181e-04
5.379999999999998499e-04
5.399999999999996816e-04
5.419999999999999471e-04
5.439999999999997789e-04
5.459999999999996106e-04
5.479999999999998761e-04
5.499999999999997079e-04
5.519999999999999733e-04
5.539999999999998051e-04
5.559999999999996369e-04
5.579999999999999023e-04
5.599999999999997341e-04
5.619999999999999996e-04
5.639999999999998313e-04
5.659999999999996631e-04
5.679999999999999286e-04
5.699999999999997603e-04
5.720000000000000258e-04
5.739999999999998576e-04
5.759999999999996893e-04
5.779999999999999548e-04
5.799999999999997866e-04
5.819999999999996183e-04
5.839999999999998838e-04
5.859999999999997156e-04
5.879999999999999810e-04
5.899999999999998128e-04
5.919999999999996446e-04
5.939999999999999100e-04
5.959999999999997418e-04
5.980000000000000072e-04
5.999999999999998390e-04
6.019999999999996708e-04
6.039999999999999362e-04
6.059999999999997680e-04
6.079999999999995998e-04
6.099999999999998652e-04
6.119999999999996970e-04
6.139999999999999625e-04
6.159999999999997942e-04
6.179999999999996260e-04
6.199999999999998915e-04
6.219999999999997232e-04
6.239999999999999887e-04
6.259999999999998205e-04
6.279999999999996523e-04
6.299999999999999177e-04
6.319999999999997495e-04
6.340000000000000149e-04
6.359999999999998467e-04
6.379999999999996785e-04
6.399999999999999439e-04
6.419999999999997757e-04
6.439999999999996075e-04
6.459999999999998729e-04
6.479999999999997047e-04
6.499999999999999702e-04
6.519999999999998019e-04
6.539999999999996337e-04
6.559999999999998992e-04
6.579999999999997309e-04
6.599999999999999964e-04
6.619999999999998282e-04
6.639999999999996599e-04
6.659999999999999254e-04
6.679999999999997572e-04
6.699999999999995889e-04
6.719999999999998544e-04
6.739999999999996862e-04
6.759999999999999516e-04
6.779999999999997834e-04
6.799999999999996152e-04
6.819999999999998806e-04
6.839999999999997124e-04
6.859999999999999779e-04
6.879999999999998096e-04
6.899999999999996414e-04
6.919999999999999069e-04
6.939999999999997386e-04
6.960000000000000041e-04
6.979999999999998359e-04
6.999999999999996676e-04
7.019999999999999331e-04
7.039999999999997649e-04
7.059999999999995966e-04
7.079999999999998621e-04
7.099999999999996939e-04
7.119999999999999593e-04
7.139999999999997911e-04
7.159999999999996229e-04
7.179999999999998883e-04
7.199999999999997201e-04
7.219999999999999855e-04
7.239999999999998173e-04
7.259999999999996491e-04
7.279999999999999145e-04
7.299999999999997463e-04
7.320000000000000118e-04
7.339999999999998435e-04
7.359999999999996753e-04
7.379999999999999408e-04
7.399999999999997725e-04
7.419999999999996043e-04
7.439999999999998698e-04
7.459999999999997015e-04
7.479999999999999670e-04
7.499999999999997988e-04
7.519999999999996305e-04
7.539999999999998960e-04
7.559999999999997278e-04
7.579999999999999932e-04
7.599999999999998250e-04
7.619999999999996568e-04
7.639999999999999222e-04
7.659999999999997540e-04
7.679999999999995858e-04
7.699999999999998512e-04
7.719999999999996830e-04
7.739999999999999485e-04
7.759999999999997802e-04
7.779999999999996120e-04
7.799999999999998775e-04
7.819999999999997092e-04
7.839999999999999747e-04
7.859999999999998065e-04
7.879999999999996382e-04
7.899999999999999037e-04
7.919999999999997355e-04
7.940000000000000009e-04
7.959999999999998327e-04
7.979999999999996645e-04
7.999999999999999299e-04
8.019999999999997617e-04
8.039999999999995935e-04
8.059999999999998589e-04
8.079999999999996907e-04
8.099999999999999561e-04
8.119999999999997879e-04
8.139999999999996197e-04
8.159999999999998851e-04
8.179999999999997169e-04
8.199999999999999824e-04
8.219999999999998141e-04
8.239999999999996459e-04
8.259999999999999114e-04
8.279999999999997431e-04
8.300000000000000086e-04
8.319999999999998404e-04
8.339999999999996722e-04
8.359999999999999376e-04
8.379999999999997694e-04
8.399999999999996012e-04
8.419999999999998666e-04
8.439999999999996984e-04
8.459999999999999638e-04
8.479999999999997956e-04
8.499999999999996274e-04
8.519999999999998928e-04
8.539999999999997246e-04
8.559999999999999901e-04
8.579999999999998218e-04
8.599999999999996536e-04
8.619999999999999191e-04
8.639999999999997508e-04
8.659999999999995826e-04
8.679999999999998481e-04
8.699999999999996798e-04
8.719999999999999453e-04
8.739999999999997771e-04
8.759999999999996088e-04
8.779999999999998743e-04
8.799999999999997061e-04
8.819999999999999715e-04
8.839999999999998033e-04
8.859999999999996351e-04
8.879999999999999005e-04
8.899999999999997323e-04
8.919999999999999978e-04
8.939999999999998295e-04
8.959999999999996613e-04
8.979999999999999268e-04
8.999999999999997585e-04
9.019999999999995903e-04
9.039999999999998558e-04
9.059999999999996875e-04
9.079999999999999530e-04
9.099999999999997848e-04
9.119999999999996165e-04
9.139999999999998820e-04
9.159999999999997138e-04
9.179999999999999792e-04
9.199999999999998110e-04
9.219999999999996428e-04
9.239999999999999082e-04
9.259999999999997400e-04
9.280000000000000054e-04
9.299999999999998372e-04
9.319999999999996690e-04
9.339999999999999344e-04
9.359999999999997662e-04
9.379999999999995980e-04
9.399999999999998634e-04
9.419999999999996952e-04
9.439999999999999607e-04
9.459999999999997924e-04
9.479999999999996242e-04
9.499999999999998897e-04
9.519999999999997214e-04
9.539999999999999869e-04
9.559999999999998187e-04
9.579999999999996504e-04
9.599999999999999159e-04
9.619999999999997477e-04
9.639999999999995794e-04
9.659999999999998449e-04
9.679999999999996767e-04
9.699999999999999421e-04
9.719999999999997739e-04
9.739999999999996057e-04
9.759999999999998711e-04
9.779999999999997029e-04
9.799999999999999684e-04
9.819999999999998001e-04
9.839999999999996319e-04
9.859999999999998974e-04
9.879999999999997291e-04
9.899999999999999946e-04
9.919999999999998264e-04
9.939999999999996581e-04
9.959999999999999236e-04
9.979999999999997554e-04
9.999999999999995871e-04
1.001999999999999853e-03
1.003999999999999684e-03
1.005999999999999950e-03
1.007999999999999782e-03
1.009999999999999613e-03
1.011999999999999879e-03
1.013999999999999711e-03
1.015999999999999976e-03
1.017999999999999808e-03
1.019999999999999640e-03
1.021999999999999905e-03
1.023999999999999737e-03
1.026000000000000002e-03
1.027999999999999834e-03
1.029999999999999666e-03
1.031999999999999931e-03
1.033999999999999763e-03
1.035999999999999595e-03
1.037999999999999860e-03
1.039999999999999692e-03
1.041999999999999958e-03
1.043999999999999789e-03
1.045999999999999621e-03
1.047999999999999887e-03
1.049999999999999718e-03
1.051999999999999984e-03
1.053999999999999816e-03
1.055999999999999647e-03
1.057999999999999913e-03
1.059999999999999745e-03
1.061999999999999576e-03
1.063999999999999842e-03
1.065999999999999674e-03
1.067999999999999939e-03
1.069999999999999771e-03
1.071999999999999603e-03
1.073999999999999868e-03
1.075999999999999700e-03
1.077999999999999965e-03
1.079999999999999797e-03
1.081999999999999629e-03
1.083999999999999894e-03
1.085999999999999726e-03
1.087999999999999991e-03
1.089999999999999823e-03
1.091999999999999655e-03
1.093999999999999920e-03
1.095999999999999752e-03
1.097999999999999584e-03
1.099999999999999849e-03
1.101999999999999681e-03
1.103999999999999947e-03
1.105999999999999778e-03
1.107999999999999610e-03
1.109999999999999876e-03
1.111999999999999707e-03
1.113999999999999973e-03
1.115999999999999805e-03
1.117999999999999636e-03
1.119999999999999902e-03
1.121999999999999734e-03
1.123999999999999999e-03
1.125999999999999831e-03
1.127999999999999663e-03
1.129999999999999928e-03
1.131999999999999760e-03
1.133999999999999592e-03
1.135999999999999857e-03
1.137999999999999689e-03
1.139999999999999954e-03
1.141999999999999786e-03
1.143999999999999618e-03
1.145999999999999883e-03
1.147999999999999715e-03
1.149999999999999981e-03
1.151999999999999812e-03
1.153999999999999644e-03
1.155999999999999910e-03
1.157999999999999741e-03
1.159999999999999573e-03
1.161999999999999839e-03
1.163999999999999670e-03
1.165999999999999936e-03
1.167999999999999768e-03
1.169999999999999599e-03
1.171999999999999865e-03
1.173999999999999697e-03
1.175999999999999962e-03
1.177999999999999794e-03
1.179999999999999626e-03
1.181999999999999891e-03
1.183999999999999723e-03
1.185999999999999988e-03
1.187999999999999820e-03
1.189999999999999652e-03
1.191999999999999917e-03
1.193999999999999749e-03
1.195999999999999581e-03
1.197999999999999846e-03
1.199999999999999678e-03
1.201999999999999943e-03
1.203999999999999775e-03
1.205999999999999607e-03
1.207999999999999872e-03
1.209999999999999704e-03
1.211999999999999970e-03
1.213999999999999801e-03
1.215999999999999633e-03
1.217999999999999899e-03
1.219999999999999730e-03
1.221999999999999996e-03
1.223999999999999828e-03
1.225999999999999659e-03
1.227999999999999925e-03
1.229999999999999757e-03
1.231999999999999588e-03
1.233999999999999854e-03
1.235999999999999686e-03
1.237999999999999951e-03
1.239999999999999783e-03
1.241999999999999615e-03
1.243999999999999880e-03
1.245999999999999712e-03
1.247999999999999977e-03
1.249999999999999809e-03
1.251999999999999641e-03
1.253999999999999906e-03
1.255999999999999738e-03
1.257999999999999570e-03
1.259999999999999835e-03
1.261999999999999667e-03
1.263999999999999933e-03
1.265999999999999764e-03
1.267999999999999596e-03
1.269999999999999862e-03
1.271999999999999693e-03
1.273999999999999959e-03
1.275999999999999791e-03
1.277999999999999622e-03
1.279999999999999888e-03
1.281999999999999720e-03
1.283999999999999985e-03
1.285999999999999817e-03
1.287999999999999649e-03
1.289999999999999914e-03
1.291999999999999746e-03
1.293999999999999578e-03
1.295999999999999843e-03
1.297999999999999675e-03
1.299999999999999940e-03
1.301999999999999772e-03
1.303999999999999604e-03
1.305999999999999869e-03
1.307999999999999701e-03
1.309999999999999967e-03
1.311999999999999798e-03
1.313999999999999630e-03
1.315999999999999896e-03
1.317999999999999727e-03
1.319999999999999559e-03
1.321999999999999825e-03
1.323999999999999656e-03
1.325999999999999922e-03
1.327999999999999754e-03
1.329999999999999585e-03
1.331999999999999851e-03
1.333999999999999683e-03
1.335999999999999948e-03
1.337999999999999780e-03
1.339999999999999612e-03
1.341999999999999877e-03
1.343999999999999709e-03
1.345999999999999974e-03
1.347999999999999806e-03
1.349999999999999638e-03
1.351999999999999903e-03
1.353999999999999735e-03
1.355999999999999567e-03
1.357999999999999832e-03
1.359999999999999664e-03
1.361999999999999929e-03
1.363999999999999761e-03
1.365999999999999593e-03
1.367999999999999858e-03
1.369999999999999690e-03
1.371999999999999956e-03
1.373999999999999787e-03
1.375999999999999619e-03
1.377999999999999885e-03
1.379999999999999716e-03
1.381999999999999982e-03
1.383999999999999814e-03
1.385999999999999645e-03
1.387999999999999911e-03
1.389999999999999743e-03
1.391999999999999574e-03
1.393999999999999840e-03
1.395999999999999672e-03
1.397999999999999937e-03
1.399999999999999769e-03
1.401999999999999601e-03
1.403999999999999866e-03
1.405999999999999698e-03
1.407999999999999963e-03
1.409999999999999361e-03
1.411999999999999627e-03
1.413999999999999892e-03
1.416000000000000158e-03
1.417999999999999556e-03
1.419999999999999821e-03
1.422000000000000087e-03
1.423999999999999485e-03
1.425999999999999750e-03
1.428000000000000016e-03
1.429999999999999414e-03
1.431999999999999679e-03
1.433999999999999945e-03
1.435999999999999343e-03
1.437999999999999608e-03
1.439999999999999874e-03
1.442000000000000139e-03
1.443999999999999537e-03
1.445999999999999803e-03
1.448000000000000068e-03
1.449999999999999466e-03
1.451999999999999732e-03
1.453999999999999997e-03
1.455999999999999395e-03
1.457999999999999661e-03
1.459999999999999926e-03
1.462000000000000192e-03
1.463999999999999590e-03
1.465999999999999855e-03
1.468000000000000121e-03
1.469999999999999519e-03
1.471999999999999784e-03
1.474000000000000050e-03
1.475999999999999448e-03
1.477999999999999713e-03
1.479999999999999979e-03
1.481999999999999377e-03
1.483999999999999642e-03
1.485999999999999908e-03
1.488000000000000173e-03
1.489999999999999571e-03
1.491999999999999837e-03
1.494000000000000102e-03
1.495999999999999500e-03
1.497999999999999766e-03
1.500000000000000031e-03
1.501999999999999429e-03
1.503999999999999695e-03
1.505999999999999960e-03
1.507999999999999358e-03
1.509999999999999624e-03
1.511999999999999889e-03
1.514000000000000155e-03
1.515999999999999553e-03
1.517999999999999818e-03
1.520000000000000084e-03
1.521999999999999482e-03
1.523999999999999747e-03
1.526000000000000013e-03
1.527999999999999411e-03
1.529999999999999676e-03
1.531999999999999942e-03
1.533999999999999340e-03
1.535999999999999605e-03
1.537999999999999871e-03
1.540000000000000136e-03
1.541999999999999534e-03
1.543999999999999800e-03
1.546000000000000065e-03
1.547999999999999463e-03
1.549999999999999729e-03
1.551999999999999994e-03
1.553999999999999392e-03
1.555999999999999658e-03
1.557999999999999923e-03
1.560000000000000189e-03
1.561999999999999587e-03
1.563999999999999852e-03
1.566000000000000118e-03
1.567999999999999516e-03
1.569999999999999781e-03
1.572000000000000047e-03
1.573999999999999445e-03
1.575999999999999710e-03
1.577999999999999976e-03
1.579999999999999374e-03
1.581999999999999639e-03
1.583999999999999905e-03
1.586000000000000170e-03
1.587999999999999568e-03
1.589999999999999834e-03
1.592000000000000099e-03
1.593999999999999497e-03
1.595999999999999763e-03
1.598000000000000028e-03
1.599999999999999426e-03
1.601999999999999692e-03
1.603999999999999957e-03
1.605999999999999355e-03
1.607999999999999621e-03
1.609999999999999886e-03
1.612000000000000152e-03
1.613999999999999550e-03
1.615999999999999815e-03
1.618000000000000081e-03
1.619999999999999479e-03
1.621999999999999744e-03
1.624000000000000010e-03
1.625999999999999408e-03
1.627999999999999673e-03
1.629999999999999939e-03
1.631999999999999337e-03
1.633999999999999602e-03
1.635999999999999868e-03
1.638000000000000133e-03
1.639999999999999531e-03
1.641999999999999797e-03
1.644000000000000062e-03
1.645999999999999460e-03
1.647999999999999726e-03
1.649999999999999991e-03
1.651999999999999389e-03
1.653999999999999655e-03
1.655999999999999920e-03
1.658000000000000185e-03
1.659999999999999584e-03
1.661999999999999849e-03
1.664000000000000114e-03
1.665999999999999513e-03
1.667999999999999778e-03
1.670000000000000043e-03
1.671999999999999442e-03
1.673999999999999707e-03
1.675999999999999972e-03
1.677999999999999371e-03
1.679999999999999636e-03
1.681999999999999901e-03
1.684000000000000167e-03
1.685999999999999565e-03
1.687999999999999830e-03
1.690000000000000096e-03
1.691999999999999494e-03
1.693999999999999759e-03
1.696000000000000025e-03
1.697999999999999423e-03
1.699999999999999688e-03
1.701999999999999954e-03
1.703999999999999352e-03
1.705999999999999617e-03
1.707999999999999883e-03
1.710000000000000148e-03
1.711999999999999546e-03
1.713999999999999812e-03
1.716000000000000077e-03
1.717999999999999475e-03
1.719999999999999741e-03
1.722000000000000006e-03
1.723999999999999404e-03
1.725999999999999670e-03
1.727999999999999935e-03
1.729999999999999333e-03
1.731999999999999599e-03
1.733999999999999864e-03
1.736000000000000130e-03
1.737999999999999528e-03
1.739999999999999793e-03
1.742000000000000059e-03
1.743999999999999457e-03
1.745999999999999722e-03
1.747999999999999988e-03
1.749999999999999386e-03
1.751999999999999651e-03
1.753999999999999917e-03
1.756000000000000182e-03
1.757999999999999580e-03
1.759999999999999846e-03
1.762000000000000111e-03
1.763999999999999509e-03
1.765999999999999775e-03
1.768000000000000040e-03
1.769999999999999438e-03
1.771999999999999704e-03
1.773999999999999969e-03
1.775999999999999367e-03
1.777999999999999633e-03
1.779999999999999898e-03
1.782000000000000164e-03
1.783999999999999562e-03
1.785999999999999827e-03
1.788000000000000093e-03
1.789999999999999491e-03
1.791999999999999756e-03
1.794000000000000022e-03
1.795999999999999420e-03
1.797999999999999685e-03
1.799999999999999951e-03
1.801999999999999349e-03
1.803999999999999614e-03
1.805999999999999880e-03
1.808000000000000145e-03
1.809999999999999543e-03
1.811999999999999809e-03
1.814000000000000074e-03
1.815999999999999472e-03
1.817999999999999738e-03
1.820000000000000003e-03
1.821999999999999401e-03
1.823999999999999667e-03
1.825999999999999932e-03
1.827999999999999330e-03
1.829999999999999596e-03
1.831999999999999861e-03
1.834000000000000127e-03
1.835999999999999525e-03
1.837999999999999790e-03
1.840000000000000056e-03
1.841999999999999454e-03
1.843999999999999719e-03
1.845999999999999985e-03
1.847999999999999383e-03
1.849999999999999648e-03
1.851999999999999914e-03
1.854000000000000179e-03
1.855999999999999577e-03
1.857999999999999843e-03
1.860000000000000108e-03
1.861999999999999506e-03
1.863999999999999772e-03
1.866000000000000037e-03
1.867999999999999435e-03
1.869999999999999701e-03
1.871999999999999966e-03
1.873999999999999364e-03
1.875999999999999630e-03
1.877999999999999895e-03
1.880000000000000161e-03
1.881999999999999559e-03
1.883999999999999824e-03
1.886000000000000090e-03
1.887999999999999488e-03
1.889999999999999753e-03
1.892000000000000019e-03
1.893999999999999417e-03
1.895999999999999682e-03
1.897999999999999948e-03
1.899999999999999346e-03
1.901999999999999611e-03
1.903999999999999877e-03
1.906000000000000142e-03
1.907999999999999540e-03
1.909999999999999806e-03
1.912000000000000071e-03
1.913999999999999469e-03
1.915999999999999735e-03
1.918000000000000000e-03
1.919999999999999398e-03
1.921999999999999664e-03
1.923999999999999929e-03
1.925999999999999327e-03
1.927999999999999593e-03
1.929999999999999858e-03
1.932000000000000123e-03
1.933999999999999522e-03
1.935999999999999787e-03
1.938000000000000052e-03
1.939999999999999451e-03
1.941999999999999716e-03
1.943999999999999981e-03
1.945999999999999380e-03
1.947999999999999645e-03
1.949999999999999910e-03
1.952000000000000176e-03
1.953999999999999574e-03
1.955999999999999839e-03
1.958000000000000105e-03
1.959999999999999503e-03
1.961999999999999768e-03
1.964000000000000034e-03
1.965999999999999432e-03
1.967999999999999697e-03
1.969999999999999963e-03
1.971999999999999361e-03
1.973999999999999626e-03
1.975999999999999892e-03
1.978000000000000157e-03
1.979999999999999555e-03
1.981999999999999821e-03
1.984000000000000086e-03
1.985999999999999484e-03
1.987999999999999750e-03
1.990000000000000015e-03
1.991999999999999413e-03
1.993999999999999679e-03
1.995999999999999944e-03
1.997999999999999342e-03
1.999999999999999608e-03
2.001999999999999873e-03
2.004000000000000139e-03
2.005999999999999537e-03
2.007999999999999802e-03
2.010000000000000068e-03
2.011999999999999466e-03
2.013999999999999731e-03
2.015999999999999997e-03
2.017999999999999395e-03
2.019999999999999660e-03
2.021999999999999926e-03
2.023999999999999324e-03
2.025999999999999589e-03
2.027999999999999855e-03
2.030000000000000120e-03
2.031999999999999518e-03
2.033999999999999784e-03
2.036000000000000049e-03
2.037999999999999447e-03
2.039999999999999713e-03
2.041999999999999978e-03
2.043999999999999376e-03
2.045999999999999642e-03
2.047999999999999907e-03
2.050000000000000173e-03
2.051999999999999571e-03
2.053999999999999836e-03
2.056000000000000102e-03
2.057999999999999500e-03
2.059999999999999765e-03
2.062000000000000031e-03
2.063999999999999429e-03
2.065999999999999694e-03
2.067999999999999960e-03
2.069999999999999358e-03
2.071999999999999623e-03
2.073999999999999889e-03
2.076000000000000154e-03
2.077999999999999552e-03
2.079999999999999818e-03
2.082000000000000083e-03
2.083999999999999481e-03
2.085999999999999747e-03
2.088000000000000012e-03
2.089999999999999410e-03
2.091999999999999676e-03
2.093999999999999941e-03
2.095999999999999339e-03
2.097999999999999605e-03
2.099999999999999870e-03
2.102000000000000136e-03
2.103999999999999534e-03
2.105999999999999799e-03
2.108000000000000065e-03
2.109999999999999463e-03
2.111999999999999728e-03
2.113999999999999994e-03
2.115999999999999392e-03
2.117999999999999657e-03
2.119999999999999923e-03
2.121999999999999321e-03
2.123999999999999586e-03
2.125999999999999852e-03
2.128000000000000117e-03
2.129999999999999515e-03
2.131999999999999781e-03
2.134000000000000046e-03
2.135999999999999444e-03
2.137999999999999710e-03
2.139999999999999975e-03
2.141999999999999373e-03
2.143999999999999639e-03
2.145999999999999904e-03
2.148000000000000170e-03
2.149999999999999568e-03
2.151999999999999833e-03
2.154000000000000099e-03
2.155999999999999497e-03
2.157999999999999762e-03
2.160000000000000028e-03
2.161999999999999426e-03
2.163999999999999691e-03
2.165999999999999957e-03
2.167999999999999355e-03
2.169999999999999620e-03
2.171999999999999886e-03
2.174000000000000151e-03
2.175999999999999549e-03
2.177999999999999815e-03
2.180000000000000080e-03
2.181999999999999478e-03
2.183999999999999744e-03
2.186000000000000009e-03
2.187999999999999407e-03
2.189999999999999673e-03
2.191999999999999938e-03
2.193999999999999336e-03
2.195999999999999602e-03
2.197999999999999867e-03
2.200000000000000133e-03
2.201999999999999531e-03
2.203999999999999796e-03
2.206000000000000062e-03
2.207999999999999460e-03
2.209999999999999725e-03
2.211999999999999991e-03
2.213999999999999389e-03
2.215999999999999654e-03
2.217999999999999920e-03
2.219999999999999318e-03
2.221999999999999583e-03
2.223999999999999849e-03
2.226000000000000114e-03
2.227999999999999512e-03
2.229999999999999778e-03
2.232000000000000043e-03
2.233999999999999441e-03
2.235999999999999707e-03
2.237999999999999972e-03
2.239999999999999370e-03
2.241999999999999636e-03
2.243999999999999901e-03
2.246000000000000166e-03
2.247999999999999565e-03
2.249999999999999830e-03
2.252000000000000095e-03
2.253999999999999494e-03
2.255999999999999759e-03
2.258000000000000024e-03
2.259999999999999423e-03
2.261999999999999688e-03
2.263999999999999953e-03
2.265999999999999352e-03
2.267999999999999617e-03
2.269999999999999882e-03
2.272000000000000148e-03
2.273999999999999546e-03
2.275999999999999811e-03
2.278000000000000077e-03
2.279999999999999475e-03
2.281999999999999740e-03
2.284000000000000006e-03
2.285999999999999404e-03
2.287999999999999669e-03
2.289999999999999935e-03
2.291999999999999333e-03
2.293999999999999598e-03
2.295999999999999864e-03
2.298000000000000129e-03
2.299999999999999527e-03
2.301999999999999793e-03
2.304000000000000058e-03
2.305999999999999456e-03
2.307999999999999722e-03
2.309999999999999987e-03
2.311999999999999385e-03
2.313999999999999651e-03
2.315999999999999916e-03
2.317999999999999314e-03
2.319999999999999580e-03
2.321999999999999845e-03
2.324000000000000111e-03
2.325999999999999509e-03
2.327999999999999774e-03
2.330000000000000040e-03
2.331999999999999438e-03
2.333999999999999703e-03
2.335999999999999969e-03
2.337999999999999367e-03
2.339999999999999632e-03
2.341999999999999898e-03
2.343999999999999296e-03
2.345999999999999561e-03
2.347999999999999827e-03
2.350000000000000092e-03
2.351999999999999490e-03
2.353999999999999756e-03
2.356000000000000021e-03
2.357999999999999419e-03
2.359999999999999685e-03
2.361999999999999950e-03
2.363999999999999348e-03
2.365999999999999614e-03
2.367999999999999879e-03
2.370000000000000145e-03
2.371999999999999543e-03
2.373999999999999808e-03
2.376000000000000074e-03
2.377999999999999472e-03
2.379999999999999737e-03
2.382000000000000003e-03
2.383999999999999401e-03
2.385999999999999666e-03
2.387999999999999932e-03
2.389999999999999330e-03
2.391999999999999595e-03
2.393999999999999861e-03
2.396000000000000126e-03
2.397999999999999524e-03
2.399999999999999790e-03
2.402000000000000055e-03
2.403999999999999453e-03
2.405999999999999719e-03
2.407999999999999984e-03
2.409999999999999382e-03
2.411999999999999648e-03
2.413999999999999913e-03
2.415999999999999311e-03
2.417999999999999577e-03
2.419999999999999842e-03
2.422000000000000108e-03
2.423999999999999506e-03
2.425999999999999771e-03
2.428000000000000037e-03
2.429999999999999435e-03
2.431999999999999700e-03
2.433999999999999966e-03
2.435999999999999364e-03
2.437999999999999629e-03
2.439999999999999895e-03
2.441999999999999293e-03
2.443999999999999558e-03
2.445999999999999824e-03
2.448000000000000089e-03
2.449999999999999487e-03
2.451999999999999753e-03
2.454000000000000018e-03
2.455999999999999416e-03
2.457999999999999682e-03
2.459999999999999947e-03
2.461999999999999345e-03
2.463999999999999611e-03
2.465999999999999876e-03
2.468000000000000142e-03
2.469999999999999540e-03
2.471999999999999805e-03
2.474000000000000071e-03
2.475999999999999469e-03
2.477999999999999734e-03
2.480000000000000000e-03
2.481999999999999398e-03
2.483999999999999663e-03
2.485999999999999929e-03
2.487999999999999327e-03
2.489999999999999592e-03
2.491999999999999858e-03
2.494000000000000123e-03
2.495999999999999521e-03
2.497999999999999787e-03
