# tiempo [s], press [mBar] 
0.0, 1000.0 
1.2797951698303223, 1000.0 
2.5595903396606445, 1000.0 
3.8293869495391846, 1000.0 
5.109182119369507, 1000.0 
6.388977289199829, 1000.0 
7.6687726974487305, 1000.0 
8.948567867279053, 1000.0 
10.228363037109375, 61.9 
11.498159885406494, 6.35 
12.777955055236816, 2.82 
14.057750225067139, 1.62 
15.337545394897461, 1.06 
16.617340564727783, 0.777 
17.897135972976685, 0.603 
19.176931142807007, 0.486 
20.446727991104126, 0.406 
21.72652316093445, 0.349 
23.00731873512268, 0.301 
24.287113904953003, 0.268 
25.566909074783325, 0.246 
26.836706161499023, 0.226 
28.116501331329346, 0.21 
29.396296501159668, 0.197 
30.67609167098999, 0.183 
31.955886840820312, 0.172 
33.235682010650635, 0.163 
34.505478858947754, 0.155 
35.785274028778076, 0.148 
37.0650691986084, 0.141 
38.3448646068573, 0.135 
39.62465977668762, 0.129 
40.904454946517944, 0.124 
42.174251556396484, 0.12 
43.45404672622681, 0.115 
44.73384189605713, 0.113 
46.01363706588745, 0.111 
47.29343223571777, 0.108 
48.573227405548096, 0.107 
49.843024492263794, 0.104 
51.122819662094116, 0.102 
52.40261483192444, 0.101 
53.68241000175476, 0.0991 
54.96220564842224, 0.0981 
56.24200081825256, 0.0972 
57.51179766654968, 0.0952 
58.791593074798584, 0.0936 
60.071388244628906, 0.092 
61.35118341445923, 0.0916 
62.63097858428955, 0.09 
63.90077543258667, 0.089 
65.18057060241699, 0.0884 
66.46036577224731, 0.0871 
67.74016094207764, 0.0871 
69.01995611190796, 0.0855 
70.29975152015686, 0.0855 
71.57954668998718, 0.0839 
72.8493435382843, 0.0822 
74.12913870811462, 0.0819 
75.40893387794495, 0.0806 
76.68872904777527, 0.0803 
77.96852421760559, 0.0796 
79.23832082748413, 0.0787 
80.51811599731445, 0.0777 
81.79791140556335, 0.0771 
83.07770657539368, 0.0754 
84.357501745224, 0.0751 
85.63729691505432, 0.074 
86.90709376335144, 0.074 
88.18588972091675, 0.0728 
89.46568489074707, 0.0728 
90.74548029899597, 0.0718 
92.0252754688263, 0.0718 
93.30507063865662, 0.0707 
94.58486580848694, 0.0705 
95.85466241836548, 0.0705 
97.1344575881958, 0.0697 
98.41425275802612, 0.0695 
99.69404792785645, 0.0686 
100.97384309768677, 0.0684 
102.23565912246704, 0.0682 
103.51351737976074, 0.0674 
104.81533193588257, 0.0674 
106.08512878417969, 0.067 
107.36492395401001, 0.0664 
108.63472080230713, 0.0664 
109.90401768684387, 0.0655 
111.18431639671326, 0.0653 
112.46036195755005, 0.0653 
113.73890733718872, 0.0645 
115.01745271682739, 0.0643 
116.29474830627441, 0.0643 
117.57329392433167, 0.0643 
118.85183930397034, 0.0643 
120.12938642501831, 0.0632 
121.40668201446533, 0.0632 
122.68522763252258, 0.0632 
123.96377301216125, 0.0624 
125.24206852912903, 0.062 
126.51936411857605, 0.062 
127.79790949821472, 0.0622 
129.07520508766174, 0.0612 
130.35375046730042, 0.061 
131.6322958469391, 0.061 
132.9115936756134, 0.0607 
134.18888926506042, 0.0599 
135.4674346446991, 0.0599 
136.7447304725647, 0.0599 
138.02327585220337, 0.0593 
139.30182123184204, 0.0589 
140.58386611938477, 0.0589 
141.85966181755066, 0.0589 
143.13695740699768, 0.058 
144.416752576828, 0.0578 
145.69404816627502, 0.0578 
146.97134375572205, 0.0576 
148.25113916397095, 0.0576 
149.52843475341797, 0.0574 
150.8082299232483, 0.0566 
152.0855269432068, 0.0568 
153.3628227710724, 0.0568 
154.6426179409027, 0.0568 
155.91991353034973, 0.0555 
157.19720911979675, 0.0555 
158.48200345039368, 0.0558 
159.7567994594574, 0.0558 
161.03659462928772, 0.0551 
162.31638979911804, 0.0545 
163.59118556976318, 0.0545 
164.87098097801208, 0.0545 
166.14677691459656, 0.0545 
167.42407250404358, 0.0545 
168.7013680934906, 0.0537 
169.98116326332092, 0.0535 
171.25845885276794, 0.0533 
172.53575444221497, 0.0535 
173.8155496120453, 0.0533 
175.0928452014923, 0.0535 
176.3701410293579, 0.0524 
177.64993619918823, 0.0524 
178.92723178863525, 0.0524 
180.20702695846558, 0.0524 
181.4843225479126, 0.0524 
182.76161813735962, 0.0516 
184.04141497612, 0.0512 
185.31871032714844, 0.0512 
186.59600591659546, 0.0512 
187.87580108642578, 0.0512 
189.1530966758728, 0.0514 
190.43289184570312, 0.051 
191.71018743515015, 0.0501 
192.98748302459717, 0.0501 
194.26727843284607, 0.0501 
195.5445740222931, 0.0501 
196.8218696117401, 0.0501 
198.10166478157043, 0.0501 
199.37896037101746, 0.0501 
200.65625596046448, 0.0499 
201.9360511302948, 0.0491 
203.21334671974182, 0.0491 
204.49314212799072, 0.0491 
205.7939338684082, 0.0491 
207.06373071670532, 0.0491 
208.33352756500244, 0.0491 
209.61332273483276, 0.0491 
210.8931179046631, 0.0483 
212.1729130744934, 0.0483 
213.45270824432373, 0.0481 
214.73250365257263, 0.0483 
216.01229882240295, 0.0483 
217.2930943965912, 0.0483 
218.5628912448883, 0.0481 
219.84268641471863, 0.0475 
221.12248158454895, 0.0473 
222.40227675437927, 0.0473 
223.68207216262817, 0.0473 
224.9518687725067, 0.0473 
226.23166394233704, 0.0475 
227.51145911216736, 0.0475 
228.79125428199768, 0.0473 
230.071049451828, 0.0472 
231.35084462165833, 0.0467 
232.62064146995544, 0.0467 
233.90043663978577, 0.0467 
235.18023204803467, 0.0465 
236.460027217865, 0.0467 
237.7398223876953, 0.0468 
239.01961755752563, 0.0467 
240.29941272735596, 0.0465 
241.56920957565308, 0.046 
242.8490047454834, 0.046 
244.12879991531372, 0.0459 
245.40861558914185, 0.0459 
246.6885645389557, 0.0459 
247.96851325035095, 0.046 
249.24046230316162, 0.0453 
250.52041125297546, 0.0452 
251.80035996437073, 0.0452 
253.080308675766, 0.0452 
254.36025762557983, 0.0452 
255.6402063369751, 0.0452 
256.91015553474426, 0.0452 
258.1901042461395, 0.0452 
259.47005319595337, 0.0453 
260.75000190734863, 0.0452 
262.0299506187439, 0.0452 
263.30989956855774, 0.0447 
264.5798487663269, 0.0447 
265.85979747772217, 0.0445 
267.13974618911743, 0.0445 
268.4196951389313, 0.0447 
269.69964385032654, 0.0445 
270.9795928001404, 0.0445 
272.25954151153564, 0.0445 
273.5294907093048, 0.044 
274.8094394207001, 0.0439 
276.0893883705139, 0.0439 
277.3693370819092, 0.0439 
278.64928579330444, 0.0439 
279.9292347431183, 0.0439 
281.2021839618683, 0.0439 
282.48213267326355, 0.0437 
283.7620816230774, 0.0437 
285.04203033447266, 0.0437 
286.3119795322418, 0.0433 
287.5919282436371, 0.0432 
288.8718771934509, 0.0432 
290.1518259048462, 0.0432 
291.43177461624146, 0.0432 
292.7117235660553, 0.0431 
293.99167227745056, 0.0431 
295.2616214752197, 0.0432 
296.541570186615, 0.0431 
297.82151913642883, 0.0431 
299.1014678478241, 0.0431 
300.38141679763794, 0.0426 
301.6613655090332, 0.0425 
302.93131470680237, 0.0425 
304.21126341819763, 0.0425 
305.4912123680115, 0.0425 
306.77116107940674, 0.0425 
308.051109790802, 0.0425 
309.33105874061584, 0.0424 
310.601007938385, 0.0425 
311.8809566497803, 0.0425 
313.16090536117554, 0.0424 
314.44285440444946, 0.0425 
315.7228031158447, 0.0425 
316.9927523136139, 0.0424 
318.27270126342773, 0.0425 
319.552649974823, 0.0425 
320.83259868621826, 0.0421 
322.1125476360321, 0.0417 
323.39249634742737, 0.0417 
324.66244554519653, 0.0417 
325.9423942565918, 0.0417 
327.22234320640564, 0.0417 
328.5022919178009, 0.0418 
329.78224086761475, 0.0418 
331.06218957901, 0.0418 
332.3321387767792, 0.0417 
333.61208748817444, 0.0417 
334.8920364379883, 0.0417 
336.17198514938354, 0.0418 
337.4519338607788, 0.0414 
338.73188281059265, 0.041 
340.0018320083618, 0.041 
341.2817807197571, 0.041 
342.56172943115234, 0.041 
343.8416783809662, 0.041 
345.12162709236145, 0.041 
346.4025764465332, 0.041 
347.67252564430237, 0.0412 
348.95247435569763, 0.041 
350.2324230670929, 0.041 
351.51237201690674, 0.041 
352.792320728302, 0.041 
354.07226967811584, 0.041 
355.3522183895111, 0.041 
356.6221675872803, 0.041 
357.90211629867554, 0.041 
359.1820652484894, 0.0405 
360.46201395988464, 0.041 
361.7419626712799, 0.041 
363.02191162109375, 0.041 
364.2918608188629, 0.041 
365.5718095302582, 0.041 
366.85175824165344, 0.041 
368.1317071914673, 0.0409 
369.41165590286255, 0.0406 
370.6916048526764, 0.0404 
371.97155356407166, 0.0404 
373.2415027618408, 0.0404 
374.5214514732361, 0.0404 
375.8014004230499, 0.0404 
377.0813491344452, 0.0404 
378.36129784584045, 0.0404 
379.64124727249146, 0.0402 
380.9211959838867, 0.0404 
382.1911451816559, 0.0404 
383.4710941314697, 0.0404 
384.751042842865, 0.0404 
386.03099155426025, 0.0404 
387.3109405040741, 0.0404 
388.59088921546936, 0.0401 
389.8708379268646, 0.0397 
391.1407871246338, 0.0396 
392.42073607444763, 0.0396 
393.7006847858429, 0.0396 
394.98063349723816, 0.0396 
396.260582447052, 0.0397 
397.54053115844727, 0.0397 
398.81048035621643, 0.0397 
400.0904290676117, 0.0397 
401.37037801742554, 0.0397 
402.6503267288208, 0.0397 
403.93027567863464, 0.0397 
405.2102243900299, 0.0396 
406.49017310142517, 0.0397 
407.76012229919434, 0.0397 
409.0400712490082, 0.0397 
410.32001996040344, 0.0396 
411.6089687347412, 0.0397 
412.8789179325104, 0.0397 
414.15886664390564, 0.0392 
415.4388155937195, 0.0389 
416.70876455307007, 0.0389 
417.9887135028839, 0.0389 
419.2686622142792, 0.0389 
420.548611164093, 0.0389 
421.8285598754883, 0.0389 
423.10850858688354, 0.0389 
424.3884575366974, 0.0389 
425.65840697288513, 0.0389 
426.9383556842804, 0.0389 
428.21830439567566, 0.0389 
429.4982533454895, 0.0389 
430.77820205688477, 0.0389 
432.0581510066986, 0.039 
433.3281002044678, 0.0389 
434.60804891586304, 0.0389 
435.8879976272583, 0.0384 
437.16794657707214, 0.0382 
438.4478952884674, 0.0382 
439.72784399986267, 0.0382 
440.99779319763184, 0.0388 
442.2777421474457, 0.0389 
443.5626907348633, 0.0384 
444.8426396846771, 0.0382 
446.1125888824463, 0.0382 
447.39253759384155, 0.0382 
448.6724863052368, 0.0382 
449.95243525505066, 0.0382 
451.2323839664459, 0.0382 
452.51233291625977, 0.0382 
453.78228187561035, 0.0382 
455.0622308254242, 0.0382 
456.34217953681946, 0.0382 
457.6221284866333, 0.0382 
458.90207719802856, 0.0382 
460.1820259094238, 0.0382 
461.451975107193, 0.0382 
462.73192405700684, 0.0382 
464.0118727684021, 0.0381 
465.29182147979736, 0.0384 
466.5717704296112, 0.0382 
467.85171914100647, 0.0381 
469.12166833877563, 0.0378 
470.4016170501709, 0.0376 
471.68156599998474, 0.0376 
472.96151471138, 0.0376 
474.24146366119385, 0.0376 
475.5214123725891, 0.0376 
476.80536127090454, 0.0374 
478.0753102302551, 0.0376 
479.35525918006897, 0.0376 
480.63520789146423, 0.0376 
481.9151568412781, 0.0376 
483.18510580062866, 0.0376 
484.4650547504425, 0.0376 
485.74500346183777, 0.0376 
487.0249524116516, 0.0376 
488.3049011230469, 0.0376 
489.58484983444214, 0.0376 
490.8547990322113, 0.0376 
492.13474798202515, 0.0376 
493.4146966934204, 0.0374 
494.6946454048157, 0.0372 
495.9745943546295, 0.037 
497.2545430660248, 0.0369 
498.5344920158386, 0.0369 
499.8044409751892, 0.0369 
501.08438992500305, 0.037 
502.3643386363983, 0.0369 
503.64428758621216, 0.0369 
504.9242362976074, 0.0369 
506.2041850090027, 0.0369 
507.47413420677185, 0.0369 
508.7560832500458, 0.0369 
510.03603196144104, 0.0369 
511.3159809112549, 0.037 
512.5959296226501, 0.0369 
513.8758783340454, 0.037 
515.1458275318146, 0.037 
516.4257764816284, 0.0369 
517.7057251930237, 0.0369 
518.985673904419, 0.037 
520.2656228542328, 0.0369 
521.545571565628, 0.037 
522.8155207633972, 0.0369 
524.0954694747925, 0.0369 
525.3754184246063, 0.0369 
526.6553671360016, 0.037 
527.9353160858154, 0.037 
529.2152647972107, 0.0368 
530.4852139949799, 0.0364 
531.7651627063751, 0.0362 
533.045111656189, 0.0362 
534.3250603675842, 0.0362 
535.6050090789795, 0.0362 
536.8849580287933, 0.0362 
538.1649067401886, 0.0362 
539.4348559379578, 0.0362 
540.714804649353, 0.0362 
541.994754076004, 0.0362 
543.2747027873993, 0.0362 
544.5546517372131, 0.0362 
545.8346245288849, 0.0362 
547.1046242713928, 0.0362 
548.3846244812012, 0.0362 
549.6646244525909, 0.0362 
550.9446244239807, 0.0362 
552.2246243953705, 0.0362 
553.5046243667603, 0.0362 
554.78462433815, 0.0362 
556.0546245574951, 0.0362 
557.3346245288849, 0.0362 
558.6146245002747, 0.0362 
559.8946244716644, 0.0362 
561.1746244430542, 0.0362 
562.454624414444, 0.0362 
563.7246243953705, 0.0362 
565.0046243667603, 0.0364 
566.28462433815, 0.0361 
567.5646243095398, 0.0356 
568.8446242809296, 0.0356 
570.1246244907379, 0.0354 
571.4046244621277, 0.0356 
572.6746244430542, 0.0356 
573.936624288559, 0.0354 
575.2326242923737, 0.0356 
576.512624502182, 0.0356 
577.7926244735718, 0.0356 
579.0726244449615, 0.0354 
580.3526244163513, 0.0356 
581.6226243972778, 0.0356 
582.9026246070862, 0.0356 
584.182624578476, 0.0356 
585.4626245498657, 0.0356 
586.7426245212555, 0.0356 
588.0226244926453, 0.0356 
589.302624464035, 0.0356 
590.5726244449615, 0.0356 
591.8526244163513, 0.0356 
593.1326243877411, 0.0356 
594.4126243591309, 0.0356 
595.6926243305206, 0.0356 
596.9726243019104, 0.0356 
598.2526242733002, 0.0356 
599.5226244926453, 0.0354 
600.802624464035, 0.0352 
602.0826244354248, 0.0349 
603.3626244068146, 0.0349 
604.6426246166229, 0.0349 
605.9226245880127, 0.0349 
607.1986246109009, 0.0348 
608.4786245822906, 0.0349 
609.7486243247986, 0.0348 
611.0286242961884, 0.0349 
612.3086242675781, 0.0348 
613.5886244773865, 0.0349 
614.8686244487762, 0.0349 
616.148624420166, 0.0348 
617.4286243915558, 0.0348 
618.6986246109009, 0.0349 
619.9786245822906, 0.0349 
621.2586245536804, 0.0349 
622.5386245250702, 0.0349 
623.81862449646, 0.0349 
625.0986244678497, 0.0349 
626.3686244487762, 0.0349 
627.648624420166, 0.0348 
628.9286243915558, 0.0349 
630.2086243629456, 0.0349 
631.4886243343353, 0.0349 
632.7686243057251, 0.0348 
634.0386245250702, 0.0349 
635.31862449646, 0.0349 
636.5986244678497, 0.0349 
637.8786244392395, 0.0349 
639.1586244106293, 0.0348 
640.4336242675781, 0.0349 
641.7136242389679, 0.0349 
642.9936242103577, 0.0348 
644.273624420166, 0.0348 
645.5536243915558, 0.0348 
646.8236243724823, 0.0344 
648.1036243438721, 0.0341 
649.3836245536804, 0.0341 
650.6636245250702, 0.0341 
651.94362449646, 0.0341 
653.2236244678497, 0.0342 
654.5036244392395, 0.0341 
655.7836244106293, 0.0341 
657.0536243915558, 0.0341 
658.3336243629456, 0.0341 
659.6136243343353, 0.0341 
660.8936243057251, 0.0341 
662.1736242771149, 0.0341 
663.4536242485046, 0.0341 
664.7336242198944, 0.0341 
666.0036244392395, 0.0341 
667.2836244106293, 0.0341 
668.563624382019, 0.0341 
669.8436243534088, 0.0341 
671.1236245632172, 0.0341 
672.4056243896484, 0.0342 
673.675624370575, 0.0342 
674.9556243419647, 0.0341 
676.2356245517731, 0.0342 
677.5156245231628, 0.0341 
678.7956244945526, 0.0342 
680.0656242370605, 0.0341 
681.3456242084503, 0.0342 
682.6256244182587, 0.0341 
683.9056243896484, 0.0341 
685.1856243610382, 0.0342 
686.465624332428, 0.0341 
687.7456243038177, 0.0342 
689.0156245231628, 0.0341 
690.2956244945526, 0.0341 
691.5756244659424, 0.0341 
692.8556244373322, 0.0338 
694.1356244087219, 0.0334 
695.4156243801117, 0.0334 
696.6956243515015, 0.0334 
697.965624332428, 0.0334 
699.2456243038177, 0.0334 
700.5256242752075, 0.0333 
701.8056242465973, 0.0334 
703.0856242179871, 0.0334 
704.3656244277954, 0.0334 
705.6456243991852, 0.0334 
706.9156243801117, 0.0334 
708.1956243515015, 0.0334 
709.4756245613098, 0.0334 
710.7556245326996, 0.0334 
712.0356245040894, 0.0334 
713.3156244754791, 0.0333 
714.5956244468689, 0.0334 
715.8656244277954, 0.0334 
717.1456243991852, 0.0334 
718.425624370575, 0.0334 
719.7056243419647, 0.0334 
720.9856243133545, 0.0333 
722.2656242847443, 0.0333 
723.545624256134, 0.0329 
724.8156244754791, 0.0329 
726.0956244468689, 0.0326 
727.3756244182587, 0.0328 
728.6556243896484, 0.0328 
729.9356243610382, 0.0328 
731.215624332428, 0.0326 
732.4956245422363, 0.0328 
733.7656242847443, 0.0326 
735.045624256134, 0.0328 
736.3256242275238, 0.0328 
737.6056244373322, 0.0326 
738.8836245536804, 0.0328 
740.1636245250702, 0.0326 
741.44362449646, 0.0326 
742.7136242389679, 0.0326 
743.9936242103577, 0.0328 
745.273624420166, 0.0328 
746.5536243915558, 0.0328 
747.8336243629456, 0.0328 
749.1136243343353, 0.0328 
750.3936243057251, 0.0328 
751.6636245250702, 0.0326 
752.94362449646, 0.0328 
754.2236244678497, 0.0328 
755.5036244392395, 0.0328 
756.7836244106293, 0.0328 
758.063624382019, 0.0328 
759.3436243534088, 0.0328 
760.6136243343353, 0.0326 
761.8936243057251, 0.0326 
763.1736242771149, 0.0326 
764.4536242485046, 0.0321 
765.7336242198944, 0.032 
767.0136244297028, 0.032 
768.2836244106293, 0.032 
769.563624382019, 0.0321 
770.8496243953705, 0.0321 
772.119624376297, 0.0321 
773.3996243476868, 0.032 
774.6796245574951, 0.032 
775.9596245288849, 0.032 
777.2396245002747, 0.032 
778.5196244716644, 0.032 
779.7996244430542, 0.0321 
781.0696244239807, 0.032 
782.3496243953705, 0.032 
783.6296243667603, 0.0321 
784.90962433815, 0.032 
786.1896243095398, 0.0316 
787.4696242809296, 0.0314 
788.7396245002747, 0.0314 
790.0196244716644, 0.0314 
791.2996244430542, 0.0313 
792.579624414444, 0.0313 
793.8596243858337, 0.0313 
795.1396243572235, 0.0314 
796.4196243286133, 0.0316 
797.6896243095398, 0.032 
798.9696242809296, 0.032 
800.2496242523193, 0.032 
801.5296242237091, 0.032 
802.8096244335175, 0.0317 
804.0936243534088, 0.0313 
805.3636243343353, 0.0313 
806.6436245441437, 0.0313 
807.9236245155334, 0.0314 
809.2036244869232, 0.0314 
810.483624458313, 0.0313 
811.7536242008209, 0.0313 
813.0336244106293, 0.0313 
814.313624382019, 0.0314 
815.5936243534088, 0.0313 
816.8736243247986, 0.0313 
818.1536242961884, 0.0313 
819.4236245155334, 0.0314 
820.7036244869232, 0.0313 
821.983624458313, 0.0313 
823.2636244297028, 0.0313 
824.5436244010925, 0.0313 
825.8236243724823, 0.0312 
827.1036243438721, 0.031 
828.3736243247986, 0.0307 
829.6536242961884, 0.0308 
830.9336242675781, 0.0308 
832.2136242389679, 0.0307 
833.4936242103577, 0.0308 
834.773624420166, 0.0308 
836.0536243915558, 0.0307 
837.3256242275238, 0.0307 
838.6056244373322, 0.0307 
839.8856244087219, 0.0307 
841.1656243801117, 0.0308 
842.4456243515015, 0.0307 
843.715624332428, 0.0308 
844.9956245422363, 0.0307 
846.2756452560425, 0.0307 
847.5556707382202, 0.0307 
848.8356964588165, 0.0307 
850.1157219409943, 0.0307 
851.3957476615906, 0.0307 
852.665773153305, 0.0307 
853.9457986354828, 0.0307 
855.2258243560791, 0.0307 
856.5058498382568, 0.0307 
857.7858755588531, 0.0307 
859.0659010410309, 0.0307 
860.3459267616272, 0.0308 
861.6159517765045, 0.0307 
862.8959774971008, 0.0307 
864.1760029792786, 0.0306 
865.4560286998749, 0.0304 
866.7360541820526, 0.0304 
868.0160799026489, 0.0303 
869.2861061096191, 0.0303 
870.5661318302155, 0.0302 
871.8461573123932, 0.0302 
873.1261827945709, 0.0302 
874.4062085151672, 0.0302 
875.686233997345, 0.0302 
876.9662597179413, 0.0302 
878.246285200119, 0.0302 
879.5163106918335, 0.0302 
880.7963364124298, 0.0302 
882.0763618946075, 0.0302 
883.3563876152039, 0.0302 
884.6364130973816, 0.0302 
885.9164388179779, 0.0302 
887.1964643001556, 0.0302 
888.4664897918701, 0.0302 
889.7465155124664, 0.0302 
891.0265409946442, 0.0302 
892.3065667152405, 0.0302 
893.5865921974182, 0.0302 
894.8666179180145, 0.0302 
896.1466434001923, 0.0302 
897.4166686534882, 0.0302 
898.6966943740845, 0.0302 
899.9767198562622, 0.0302 
901.2567455768585, 0.0302 
902.5447721481323, 0.0302 
903.8147974014282, 0.0302 
905.094822883606, 0.0302 
906.3748486042023, 0.0302 
907.6448740959167, 0.0302 
908.9248995780945, 0.0302 
910.2049252986908, 0.0302 
911.4849507808685, 0.0302 
912.7649765014648, 0.0302 
914.0450019836426, 0.0301 
915.3250274658203, 0.03 
916.5950529575348, 0.03 
917.8750786781311, 0.0298 
919.1551041603088, 0.0297 
920.4351298809052, 0.0298 
921.7151553630829, 0.0297 
922.9951810836792, 0.0298 
924.2752065658569, 0.0298 
925.5452318191528, 0.0298 
926.8252575397491, 0.0298 
928.1052830219269, 0.0298 
929.3853087425232, 0.0297 
930.6653342247009, 0.0298 
931.9453599452972, 0.0298 
933.2153854370117, 0.0298 
934.4954109191895, 0.0298 
935.7814371585846, 0.0298 
937.0514626502991, 0.0297 
938.3314883708954, 0.0297 
939.6115138530731, 0.0297 
940.8915395736694, 0.0298 
942.1715650558472, 0.0298 
943.4515905380249, 0.0298 
944.7316162586212, 0.0298 
946.0016415119171, 0.0298 
947.2816669940948, 0.0297 
948.5616927146912, 0.0297 
949.8417181968689, 0.0298 
951.1217439174652, 0.0298 
952.401769399643, 0.0297 
953.6817951202393, 0.0297 
954.9518206119537, 0.0298 
956.2318460941315, 0.0297 
957.5116074085236, 0.0298 
958.7913641929626, 0.0298 
960.0711209774017, 0.0297 
961.3508777618408, 0.0297 
962.6306345462799, 0.0297 
963.9003932476044, 0.0298 
965.1801500320435, 0.0296 
966.4599068164825, 0.0296 
967.7396636009216, 0.0296 
969.0224199295044, 0.0295 
970.2921786308289, 0.0294 
971.571935415268, 0.0295 
972.851692199707, 0.0293 
974.1314489841461, 0.0294 
975.4112057685852, 0.0294 
976.6909627914429, 0.0294 
977.9607214927673, 0.0293 
979.2404782772064, 0.0293 
980.5202350616455, 0.0293 
981.7999918460846, 0.0293 
983.0797486305237, 0.0293 
984.3595054149628, 0.0294 
985.6392621994019, 0.0294 
986.9090209007263, 0.0294 
988.1887776851654, 0.0293 
989.4685344696045, 0.0293 
990.7482912540436, 0.0293 
992.0280480384827, 0.0294 
993.3078048229218, 0.0293 
994.5875618457794, 0.0293 
995.8573205471039, 0.0293 
997.137077331543, 0.0293 
998.416834115982, 0.0293 
999.6965909004211, 0.0294 
1000.9763476848602, 0.0294 
1002.2481060028076, 0.0294 
1003.5278627872467, 0.0293 
1004.8076195716858, 0.0293 
1006.0873763561249, 0.0293 
1007.367133140564, 0.0293 
1008.646889925003, 0.0293 
1009.9266467094421, 0.0293 
1011.1964054107666, 0.0293 
1012.4761621952057, 0.0293 
1013.7559192180634, 0.0294 
1015.0356760025024, 0.0293 
1016.3154327869415, 0.0293 
1017.5951895713806, 0.0294 
1018.8749463558197, 0.0293 
1020.1447050571442, 0.0294 
1021.4244618415833, 0.0293 
1022.7042186260223, 0.0293 
1023.9839754104614, 0.0291 
1025.2637321949005, 0.0292 
1026.5434889793396, 0.0291 
1027.8242456912994, 0.029 
1029.094004392624, 0.029 
1030.373761177063, 0.029 
1031.653517961502, 0.0289 
1032.9332749843597, 0.0289 
1034.222030878067, 0.0289 
1035.4917895793915, 0.0289 
1036.7715463638306, 0.0289 
1038.0423047542572, 0.0289 
1039.3220615386963, 0.0289 
1040.6018183231354, 0.0289 
1041.8815751075745, 0.0289 
1043.1613318920135, 0.0289 
1044.4410886764526, 0.0289 
1045.710847377777, 0.0289 
1046.9906044006348, 0.0289 
1048.2703611850739, 0.0289 
1049.550117969513, 0.0289 
1050.829874753952, 0.029 
1052.109631538391, 0.0289 
1053.3893883228302, 0.0289 
1054.6691451072693, 0.0289 
1055.9389038085938, 0.0289 
1057.2186605930328, 0.0289 
1058.498417377472, 0.0289 
1059.778174161911, 0.0289 
1061.05793094635, 0.0286 
1062.3376877307892, 0.0286 
1063.6174445152283, 0.0285 
1064.8872032165527, 0.0285 
1066.1669602394104, 0.0285 
1067.4537162780762, 0.0285 
1068.7234749794006, 0.0285 
1070.0032317638397, 0.0284 
1071.2829885482788, 0.0284 
1072.562745332718, 0.0284 
1073.842502117157, 0.0284 
1075.122258901596, 0.0284 
1076.3920176029205, 0.0284 
1077.6717743873596, 0.0284 
1078.9515311717987, 0.0284 
1080.2312879562378, 0.0284 
1081.5110449790955, 0.0284 
1082.7908017635345, 0.0284 
1084.0705585479736, 0.0284 
1085.340317249298, 0.0284 
1086.6200740337372, 0.0284 
1087.8998308181763, 0.0284 
1089.1795876026154, 0.0284 
1090.4593443870544, 0.0284 
1091.7401010990143, 0.0284 
1093.0198578834534, 0.0284 
1094.2896165847778, 0.0284 
1095.569373369217, 0.0284 
1096.849130153656, 0.0284 
1098.128886938095, 0.0284 
1099.4086437225342, 0.0284 
1100.6894013881683, 0.0284 
1101.9591600894928, 0.0284 
1103.2389168739319, 0.0284 
1104.518673658371, 0.0284 
1105.79843044281, 0.0284 
1107.0781872272491, 0.0284 
1108.3579440116882, 0.0284 
1109.6377007961273, 0.0284 
1110.9074594974518, 0.0284 
1112.1872162818909, 0.0284 
1113.46697306633, 0.0284 
1114.7467300891876, 0.0284 
1116.0264868736267, 0.0284 
1117.3062436580658, 0.0284 
1118.5860004425049, 0.0284 
1119.8557591438293, 0.0284 
1121.1355159282684, 0.0284 
1122.4152727127075, 0.0284 
1123.6950294971466, 0.0284 
1124.9747862815857, 0.0283 
1126.2555429935455, 0.0283 
1127.52530169487, 0.0282 
1128.805058479309, 0.0282 
1130.0848152637482, 0.028 
1131.3645720481873, 0.028 
1132.644329071045, 0.028 
1133.9310851097107, 0.028 
1135.2008438110352, 0.0279 
1136.4806005954742, 0.0279 
1137.7603573799133, 0.028 
1139.0301160812378, 0.028 
1140.3098728656769, 0.0279 
1141.589629650116, 0.028 
1142.869386434555, 0.028 
1144.1491432189941, 0.0279 
1145.4109387397766, 0.028 
1146.712760925293, 0.028 
1147.9825196266174, 0.0279 
1149.2622764110565, 0.0279 
1150.5420331954956, 0.028 
1151.8217899799347, 0.028 
1153.1015467643738, 0.0279 
1154.3713054656982, 0.0279 
1155.6510622501373, 0.0279 
1156.9308190345764, 0.0279 
1158.2105758190155, 0.0279 
1159.4903326034546, 0.0279 
1160.7700893878937, 0.0279 
1162.0498461723328, 0.028 
1163.3196048736572, 0.0279 
1164.599361896515, 0.028 
1165.879118680954, 0.028 
1167.166874408722, 0.0279 
1168.4366331100464, 0.0279 
1169.7163898944855, 0.028 
1170.9781630039215, 0.028 
1172.2779970169067, 0.028 
1173.5327825546265, 0.028 
1174.8175768852234, 0.0279 
1176.0973720550537, 0.028 
1177.3746678829193, 0.028 
1178.6544630527496, 0.0279 
1179.9317586421967, 0.028 
1181.2090542316437, 0.0279 
1182.488849401474, 0.028 
1183.7661447525024, 0.028 
1185.0459399223328, 0.028 
1186.3232355117798, 0.0279 
1187.60303068161, 0.0278 
1188.8803265094757, 0.0277 
1190.160121679306, 0.0278 
1191.437417268753, 0.0279 
1192.7157127857208, 0.0279 
1193.9930083751678, 0.028 
1195.2728035449982, 0.0279 
1196.5500991344452, 0.028 
1197.8298943042755, 0.0278 
1199.107190132141, 0.0278 
1200.3884863853455, 0.0278 
1201.6657819747925, 0.0279 
1202.9605700969696, 0.028 
1204.2303285598755, 0.028 
1205.5100853443146, 0.028 
1206.7898421287537, 0.0278 
1208.0695989131927, 0.0279 
1209.3493556976318, 0.0278 
1210.629112482071, 0.0277 
1211.8988711833954, 0.0276 
1213.178628206253, 0.0276 
1214.4583849906921, 0.0276 
1215.7381417751312, 0.0276 
1217.0178985595703, 0.0276 
1218.2976553440094, 0.0276 
1219.5674140453339, 0.0276 
1220.847170829773, 0.0276 
1222.126927614212, 0.0276 
1223.4066843986511, 0.0276 
1224.6864411830902, 0.0276 
1225.9661979675293, 0.0276 
1227.2459547519684, 0.0276 
1228.5157134532928, 0.0276 
1229.795470237732, 0.0276 
1231.075227022171, 0.0277 
1232.3549840450287, 0.0276 
1233.6427400112152, 0.0276 
1234.9124987125397, 0.0276 
1236.1922554969788, 0.0276 
1237.4720122814178, 0.0276 
1238.751769065857, 0.0276 
1240.0215277671814, 0.0276 
1241.3012845516205, 0.0276 
1242.563087463379, 0.0276 
1243.8648419380188, 0.0276 
1245.1346006393433, 0.0276 
1246.3964049816132, 0.0277 
1247.698157787323, 0.0277 
1248.977914571762, 0.0276 
1250.2576713562012, 0.0276 
1251.509473323822, 0.0276 
1252.8112306594849, 0.0276 
1254.090987443924, 0.0276 
1255.370744228363, 0.0276 
1256.640555858612, 0.0277 
1257.920466184616, 0.0276 
1259.2003765106201, 0.0277 
1260.4802870750427, 0.0276 
1261.7601974010468, 0.0276 
1263.0401077270508, 0.0277 
1264.3200182914734, 0.0277 
1265.5899291038513, 0.0276 
1266.8738396167755, 0.0277 
1268.1537499427795, 0.0275 
1269.4336605072021, 0.0275 
1270.7035717964172, 0.0274 
1271.9834821224213, 0.0274 
1273.2633924484253, 0.0272 
1274.543303012848, 0.0272 
1275.823213338852, 0.0272 
1277.103123664856, 0.0272 
1278.3830342292786, 0.0272 
1279.6529450416565, 0.0272 
1280.932855606079, 0.0272 
1282.2127659320831, 0.0272 
1283.4926762580872, 0.0272 
1284.7725868225098, 0.0272 
1286.0524971485138, 0.0272 
1287.3324074745178, 0.0272 
1288.6023185253143, 0.0272 
1289.8962626457214, 0.0272 
1291.166173696518, 0.0272 
1292.4280996322632, 0.0272 
1293.707044839859, 0.0272 
1295.007978439331, 0.0272 
1296.2599167823792, 0.0272 
1297.551834821701, 0.0272 
1298.8317453861237, 0.0272 
1300.1156556606293, 0.0272 
1301.3955659866333, 0.0272 
1302.6654770374298, 0.0272 
1303.9453876018524, 0.0272 
1305.2252979278564, 0.0272 
1306.5052082538605, 0.0272 
1307.785118818283, 0.0272 
1309.065029144287, 0.0272 
