# tiempo [s], press [mBar] 
0.0, 0.0109 
1.2795159816741943, 0.011 
2.5590322017669678, 0.0109 
3.8365719318389893, 0.0109 
5.106107473373413, 0.011 
6.3856236934661865, 0.0109 
7.65515923500061, 0.0109 
8.934675455093384, 0.011 
10.214191675186157, 0.0109 
11.483727216720581, 0.0109 
12.76623797416687, 0.0109 
14.035773277282715, 0.0109 
15.315289497375488, 0.011 
16.58482527732849, 0.011 
17.864341497421265, 0.0111 
19.14385747909546, 0.011 
20.413393020629883, 0.011 
21.692909479141235, 0.011 
22.96244502067566, 0.011 
24.241961240768433, 0.011 
25.521477222442627, 0.011 
26.79101300239563, 0.011 
28.070529222488403, 0.011 
29.350045442581177, 0.011 
30.61958074569702, 0.011 
31.899097204208374, 0.011 
33.17861342430115, 0.011 
34.44814896583557, 0.011 
35.727664947509766, 0.011 
36.99720072746277, 0.011 
38.27671694755554, 0.011 
39.556233167648315, 0.011 
40.82576894760132, 0.011 
42.10528492927551, 0.011 
43.385799407958984, 0.011 
44.65533471107483, 0.011 
45.9348509311676, 0.011 
47.204386711120605, 0.011 
48.4849009513855, 0.011 
49.75443649291992, 0.011 
51.03594899177551, 0.011 
52.30548453330994, 0.011 
53.58500075340271, 0.011 
54.86451697349548, 0.011 
56.135050773620605, 0.011 
57.4145667552948, 0.011 
58.69408297538757, 0.011 
59.963618755340576, 0.011 
61.24313497543335, 0.011 
62.512670278549194, 0.011 
63.79218649864197, 0.011 
65.07170295715332, 0.011 
66.34123849868774, 0.011 
67.62075471878052, 0.011 
68.90027070045471, 0.011 
70.16980648040771, 0.011 
71.44932270050049, 0.0109 
72.71885824203491, 0.011 
73.99837446212769, 0.011 
75.27789068222046, 0.011 
76.548424243927, 0.011 
77.82794046401978, 0.011 
79.10845494270325, 0.011 
80.37799048423767, 0.0111 
81.65750670433044, 0.011 
82.92704224586487, 0.011 
84.20755648612976, 0.011 
85.47709226608276, 0.011 
86.75660848617554, 0.011 
88.03812098503113, 0.011 
89.30765628814697, 0.011 
90.58717250823975, 0.011 
91.85670828819275, 0.011 
93.13622450828552, 0.011 
94.41574048995972, 0.0111 
95.68527603149414, 0.011 
96.9647924900055, 0.0111 
98.24430871009827, 0.011 
99.51384425163269, 0.0111 
100.79336023330688, 0.011 
102.07287645339966, 0.011 
103.34341025352478, 0.0111 
104.62292647361755, 0.011 
105.8934600353241, 0.011 
107.17297625541687, 0.011 
108.45349049568176, 0.011 
109.72302627563477, 0.011 
111.00254249572754, 0.011 
112.27207803726196, 0.011 
113.55159425735474, 0.011 
114.83111047744751, 0.011 
116.10064601898193, 0.011 
117.3801622390747, 0.011 
118.64969801902771, 0.011 
119.92921423912048, 0.011 
121.20873022079468, 0.011 
122.4782657623291, 0.011 
123.75778222084045, 0.011 
125.03729844093323, 0.011 
126.30883002281189, 0.0111 
127.58834624290466, 0.011 
128.8578817844391, 0.011 
130.13739824295044, 0.011 
131.4169144630432, 0.011 
132.68644976615906, 0.011 
133.96596598625183, 0.011 
135.2454822063446, 0.011 
136.5150179862976, 0.011 
137.7945339679718, 0.011 
139.06406950950623, 0.011 
140.34358596801758, 0.011 
141.62310218811035, 0.0111 
142.8926374912262, 0.0111 
144.17215371131897, 0.011 
145.45167016983032, 0.011 
146.72120571136475, 0.011 
148.00072193145752, 0.0111 
149.2802379131317, 0.011 
150.54977369308472, 0.011 
151.8292899131775, 0.011 
153.0988254547119, 0.011 
154.3783414363861, 0.0111 
155.65785789489746, 0.011 
156.92739343643188, 0.011 
158.20690965652466, 0.011 
159.48642587661743, 0.011 
160.75596141815186, 0.011 
162.03547763824463, 0.011 
163.31798815727234, 0.011 
164.58752369880676, 0.011 
165.8570592403412, 0.011 
167.13657569885254, 0.0111 
168.41708993911743, 0.011 
169.68662548065186, 0.0111 
170.96614170074463, 0.0111 
172.23567724227905, 0.011 
173.51519346237183, 0.011 
174.7947096824646, 0.011 
176.06424522399902, 0.011 
177.34376168251038, 0.011 
178.62327766418457, 0.011 
179.892813205719, 0.011 
181.17232942581177, 0.011 
182.44186520576477, 0.011 
183.72138118743896, 0.011 
185.00089740753174, 0.011 
186.27043294906616, 0.0111 
187.54994940757751, 0.0111 
188.8294656276703, 0.011 
190.09999918937683, 0.011 
191.3795154094696, 0.011 
192.64905095100403, 0.011 
193.9285671710968, 0.011 
195.20808339118958, 0.0111 
196.477618932724, 0.011 
197.75713539123535, 0.0111 
199.0266706943512, 0.0111 
200.30618691444397, 0.011 
201.57871675491333, 0.011 
202.8582329750061, 0.0111 
204.13774919509888, 0.011 
205.40728497505188, 0.011 
206.68680095672607, 0.011 
207.96631717681885, 0.011 
209.23585295677185, 0.011 
210.51536917686462, 0.0111 
211.78490471839905, 0.011 
213.06442070007324, 0.011 
214.3439371585846, 0.011 
215.61347270011902, 0.011 
216.8929889202118, 0.011 
218.172504901886, 0.011 
219.442040681839, 0.011 
220.72155690193176, 0.0111 
221.9910924434662, 0.0111 
223.27160668373108, 0.0111 
224.55112290382385, 0.011 
225.82065868377686, 0.0111 
227.10017466545105, 0.0111 
228.37070846557617, 0.011 
229.65022444725037, 0.011 
230.92974090576172, 0.011 
232.19927644729614, 0.011 
233.47879266738892, 0.011 
234.74832844734192, 0.011 
236.0278444290161, 0.011 
237.3073606491089, 0.011 
238.57889246940613, 0.011 
239.8584086894989, 0.011 
241.1279444694519, 0.0111 
242.4074604511261, 0.011 
243.68697667121887, 0.011 
244.9585084915161, 0.011 
246.239022731781, 0.011 
247.50855827331543, 0.0111 
248.78907251358032, 0.011 
250.05860829353333, 0.011 
251.3381245136261, 0.011 
252.61764073371887, 0.0111 
253.89017057418823, 0.011 
255.169686794281, 0.0111 
256.44221663475037, 0.0111 
257.7229948043823, 0.0111 
258.99405694007874, 0.011 
260.2761106491089, 0.011 
261.5481722354889, 0.0111 
262.83222460746765, 0.011 
264.1042859554291, 0.011 
265.3853406906128, 0.011 
266.6564025878906, 0.011 
267.93745708465576, 0.011 
269.2125163078308, 0.011 
270.49656867980957, 0.0111 
271.7706286907196, 0.011 
273.04768657684326, 0.0111 
274.3227458000183, 0.011 
275.603800535202, 0.0111 
276.8848555088043, 0.0111 
278.15991473197937, 0.0111 
279.43697237968445, 0.011 
280.70603609085083, 0.011 
281.9840934276581, 0.011 
283.27014446258545, 0.011 
284.5462028980255, 0.011 
285.82026290893555, 0.0111 
287.09831976890564, 0.011 
288.38037371635437, 0.011 
289.6524350643158, 0.011 
290.92749428749084, 0.011 
292.2105474472046, 0.0111 
293.4846074581146, 0.011 
294.75666856765747, 0.0111 
296.0377233028412, 0.011 
297.3197772502899, 0.011 
298.59283781051636, 0.011 
299.8738923072815, 0.011 
301.1459536552429, 0.011 
302.42101287841797, 0.011 
303.7050654888153, 0.011 
304.97912526130676, 0.011 
306.2611789703369, 0.0111 
307.5322411060333, 0.011 
308.81429505348206, 0.011 
310.0873556137085, 0.0111 
311.3684103488922, 0.011 
312.64147090911865, 0.011 
313.9285213947296, 0.011 
315.1945869922638, 0.011 
316.4776403903961, 0.011 
317.75070095062256, 0.011 
319.0357527732849, 0.011 
320.31081199645996, 0.011 
321.5878698825836, 0.011 
322.86292910575867, 0.011 
324.13998675346375, 0.011 
325.4150459766388, 0.011 
326.69310307502747, 0.011 
327.97116017341614, 0.011 
329.25121569633484, 0.011 
330.5272743701935, 0.0111 
331.80333280563354, 0.011 
333.0813899040222, 0.011 
334.3574483394623, 0.0111 
335.63750410079956, 0.011 
336.91755986213684, 0.011 
338.18862223625183, 0.0111 
339.4686779975891, 0.011 
340.7497329711914, 0.011 
342.0187966823578, 0.0111 
343.3008511066437, 0.011 
344.5739119052887, 0.011 
345.854966878891, 0.0111 
347.1270287036896, 0.011 
348.4130802154541, 0.0111 
349.6851420402527, 0.011 
350.96519780158997, 0.0111 
352.238258600235, 0.011 
353.5223116874695, 0.011 
354.7933738231659, 0.011 
356.0714313983917, 0.011 
357.3474905490875, 0.011 
358.63154315948486, 0.011 
359.90660285949707, 0.011 
361.17866468429565, 0.011 
362.46071887016296, 0.011 
363.73278045654297, 0.011 
365.0178327560425, 0.011 
366.2928922176361, 0.0111 
367.5699505805969, 0.011 
368.84401082992554, 0.011 
370.1210689544678, 0.011 
371.39612865448, 0.011 
372.6731870174408, 0.0111 
373.95923829078674, 0.011 
375.23429799079895, 0.0111 
376.5123555660248, 0.011 
377.788414478302, 0.0111 
379.06547260284424, 0.0111 
380.3425307273865, 0.011 
381.6195890903473, 0.0111 
382.89764642715454, 0.011 
384.17570447921753, 0.011 
385.4467673301697, 0.011 
386.72482466697693, 0.0111 
388.0068793296814, 0.011 
389.27794218063354, 0.011 
390.5589978694916, 0.011 
391.84105253219604, 0.011 
393.1111161708832, 0.011 
394.39217162132263, 0.011 
395.6742262840271, 0.011 
396.94728779792786, 0.011 
398.22834300994873, 0.0111 
399.5014045238495, 0.011 
400.78245973587036, 0.011 
402.0565207004547, 0.0111 
403.3375759124756, 0.011 
404.61363530158997, 0.0111 
405.88469791412354, 0.011 
407.1677520275116, 0.011 
408.44181275367737, 0.011 
409.7238676548004, 0.011 
410.995929479599, 0.0111 
412.27398705482483, 0.0111 
413.5540430545807, 0.011 
414.8251061439514, 0.011 
416.1081600189209, 0.011 
417.38222074508667, 0.0111 
418.66427540779114, 0.0111 
419.9383361339569, 0.011 
421.2193913459778, 0.011 
422.49245285987854, 0.011 
423.7675127983093, 0.011 
425.04756903648376, 0.0111 
426.32862424850464, 0.011 
427.60068678855896, 0.0111 
428.87474751472473, 0.011 
430.1578016281128, 0.0111 
431.43086290359497, 0.011 
432.71391677856445, 0.011 
433.99297428131104, 0.0111 
435.2680342197418, 0.0111 
436.5450928211212, 0.011 
437.819153547287, 0.011 
439.09221506118774, 0.0111 
440.37726736068726, 0.0111 
441.65332674980164, 0.0111 
442.9273874759674, 0.0111 
444.2014482021332, 0.0111 
445.48650074005127, 0.0111 
446.76256012916565, 0.0111 
448.03961873054504, 0.0111 
449.31467866897583, 0.0111 
450.5917372703552, 0.0111 
451.87079429626465, 0.0111 
453.15085101127625, 0.0111 
454.42890906333923, 0.0111 
455.69797348976135, 0.0111 
456.9770305156708, 0.0112 
458.260085105896, 0.0111 
459.5351450443268, 0.0112 
460.8112041950226, 0.0111 
462.08526515960693, 0.0111 
463.36931824684143, 0.0111 
464.6463768482208, 0.0111 
465.9244349002838, 0.0112 
467.1925001144409, 0.0112 
468.47355580329895, 0.0112 
469.75161385536194, 0.0111 
471.03167033195496, 0.0112 
472.30872893333435, 0.0111 
473.58778619766235, 0.0112 
474.85884952545166, 0.0112 
476.1379065513611, 0.0112 
477.4179632663727, 0.0112 
478.6980195045471, 0.0112 
479.96808338165283, 0.0112 
481.24813985824585, 0.0112 
482.52919578552246, 0.0112 
483.8012580871582, 0.0112 
485.0813148021698, 0.0112 
486.3523781299591, 0.0112 
487.63443326950073, 0.0112 
488.91548895835876, 0.0112 
490.1875514984131, 0.0112 
491.46261191368103, 0.0112 
492.74366760253906, 0.0112 
494.0177285671234, 0.0112 
495.29478764533997, 0.0112 
496.5698480606079, 0.0112 
497.84690713882446, 0.0112 
499.1279628276825, 0.0113 
500.40402245521545, 0.0112 
501.6840796470642, 0.0113 
502.9641363620758, 0.0113 
504.2342007160187, 0.0113 
505.51225900650024, 0.0112 
506.79231572151184, 0.0112 
508.0693747997284, 0.0112 
509.34543442726135, 0.0112 
510.6224935054779, 0.0112 
511.90155124664307, 0.0112 
513.178610086441, 0.0112 
514.4566686153412, 0.0112 
515.7357258796692, 0.0112 
517.0067894458771, 0.0112 
518.2868466377258, 0.0112 
519.567902803421, 0.0112 
520.8409650325775, 0.0112 
522.1190233230591, 0.0112 
523.3980808258057, 0.0112 
524.6721422672272, 0.0112 
525.9512000083923, 0.0112 
527.2322561740875, 0.0112 
528.504319190979, 0.0112 
529.7883732318878, 0.0112 
531.0584375858307, 0.0112 
532.3384943008423, 0.0112 
533.6205499172211, 0.0112 
534.8916139602661, 0.0112 
536.1656754016876, 0.0112 
537.4487302303314, 0.0112 
538.7207930088043, 0.0112 
540.0038478374481, 0.0112 
541.2859036922455, 0.0112 
542.5509719848633, 0.0112 
543.830029964447, 0.0114 
545.1130847930908, 0.0112 
546.3851501941681, 0.0112 
547.6622095108032, 0.0112 
548.946263551712, 0.0112 
550.2183263301849, 0.0112 
551.4913885593414, 0.0112 
552.7774415016174, 0.0112 
554.0495042800903, 0.0112 
555.3245651721954, 0.0114 
556.6076197624207, 0.0112 
557.8819334506989, 0.0112 
559.158527135849, 0.0112 
560.4331216812134, 0.0112 
561.7197124958038, 0.0112 
562.993307352066, 0.0113 
564.2689015865326, 0.0114 
565.5474948883057, 0.0114 
566.82208943367, 0.0114 
568.0996830463409, 0.0114 
569.3792760372162, 0.0115 
570.6578693389893, 0.0114 
571.9374620914459, 0.0114 
573.2120566368103, 0.0114 
574.4936492443085, 0.0114 
575.7662444114685, 0.0114 
577.0538349151611, 0.0114 
578.325430393219, 0.0114 
579.6020245552063, 0.0114 
580.8846168518066, 0.0114 
582.1642100811005, 0.0114 
583.433806180954, 0.0114 
584.7173979282379, 0.0114 
585.9979906082153, 0.0114 
587.2695863246918, 0.0114 
588.5541777610779, 0.0114 
589.8247735500336, 0.0114 
591.1083655357361, 0.0115 
592.3829600811005, 0.0115 
593.6655523777008, 0.0115 
594.9401469230652, 0.0115 
596.2117428779602, 0.0115 
597.4983336925507, 0.0116 
598.7759275436401, 0.0115 
600.0505223274231, 0.0116 
601.3241171836853, 0.0116 
602.6097085475922, 0.0116 
603.8873021602631, 0.0116 
605.1658957004547, 0.0116 
606.4414901733398, 0.0116 
607.7190840244293, 0.0116 
608.9946782588959, 0.0116 
610.2692730426788, 0.0116 
611.5548639297485, 0.0116 
612.8314583301544, 0.0116 
614.1100518703461, 0.0116 
615.3856463432312, 0.0116 
616.6642398834229, 0.0116 
617.9338359832764, 0.0116 
619.2134292125702, 0.0116 
620.4990208148956, 0.0116 
621.7676174640656, 0.0116 
623.0482103824615, 0.0116 
624.3258039951324, 0.0116 
625.6053972244263, 0.0116 
626.8829910755157, 0.0116 
628.1575860977173, 0.0116 
629.4361793994904, 0.0116 
630.7197716236115, 0.0116 
631.9893679618835, 0.0116 
633.2759590148926, 0.0116 
634.5495541095734, 0.0116 
635.8311467170715, 0.0116 
637.1037423610687, 0.0116 
638.3853349685669, 0.0116 
639.6559309959412, 0.0116 
640.941522359848, 0.0116 
642.2141177654266, 0.0116 
643.4887127876282, 0.0116 
644.7713050842285, 0.0117 
646.0478992462158, 0.0116 
647.3244936466217, 0.0117 
648.6080856323242, 0.0117 
649.8806810379028, 0.0117 
651.1592748165131, 0.0117 
652.4348695278168, 0.0117 
653.7194612026215, 0.0117 
654.9970550537109, 0.0117 
656.2706503868103, 0.0118 
657.546245098114, 0.0118 
658.8298370838165, 0.0117 
660.1034321784973, 0.0118 
661.3860244750977, 0.0118 
662.6606194972992, 0.0117 
663.9422121047974, 0.0118 
665.2158071994781, 0.0118 
666.4914016723633, 0.0117 
667.7749938964844, 0.0118 
669.0505883693695, 0.0118 
670.3241834640503, 0.0118 
671.6007778644562, 0.0118 
672.8853695392609, 0.0118 
674.1599645614624, 0.0118 
675.4335596561432, 0.0118 
676.7141528129578, 0.0118 
677.9977447986603, 0.0118 
679.2753386497498, 0.0117 
680.5509333610535, 0.0118 
681.828527212143, 0.0118 
683.1041219234467, 0.0118 
684.3817157745361, 0.0119 
685.6613092422485, 0.0119 
686.9389035701752, 0.0119 
688.218496799469, 0.0119 
689.4950911998749, 0.0119 
690.7736847400665, 0.012 
692.0522785186768, 0.012 
693.324874162674, 0.012 
694.6054673194885, 0.012 
695.8820617198944, 0.012 
697.1636545658112, 0.0119 
698.4362502098083, 0.012 
699.7118449211121, 0.012 
700.994437456131, 0.012 
702.2750306129456, 0.012 
703.5506255626678, 0.012 
704.8242208957672, 0.012 
706.1008152961731, 0.012 
707.3844075202942, 0.012 
708.6590025424957, 0.012 
709.9415950775146, 0.012 
711.2161903381348, 0.0119 
712.4897856712341, 0.012 
713.7753772735596, 0.012 
715.0519716739655, 0.012 
716.3295657634735, 0.012 
717.6021616458893, 0.012 
718.8857538700104, 0.012 
720.1603488922119, 0.0119 
721.4379432201385, 0.012 
722.717536687851, 0.012 
723.9911320209503, 0.012 
725.2697260379791, 0.012 
726.5443212985992, 0.012 
727.8239147663116, 0.0121 
729.1015090942383, 0.0121 
730.3801028728485, 0.0121 
731.6576969623566, 0.0121 
732.9352912902832, 0.0121 
734.2118856906891, 0.0121 
735.4894797801971, 0.0121 
736.7730722427368, 0.0121 
738.0436689853668, 0.0121 
739.3212630748749, 0.0121 
740.5988574028015, 0.0121 
741.8774511814117, 0.0121 
743.1550452709198, 0.0121 
744.4336392879486, 0.0121 
745.7142324447632, 0.0121 
746.9958255290985, 0.0121 
748.2744193077087, 0.0122 
749.5480151176453, 0.0122 
750.8286085128784, 0.0122 
752.1052031517029, 0.0122 
753.379798412323, 0.0122 
754.6563930511475, 0.0123 
755.9409852027893, 0.0123 
757.2125813961029, 0.0123 
758.496173620224, 0.0123 
759.7677700519562, 0.0123 
761.0443646907806, 0.0123 
762.3279571533203, 0.0123 
763.6065511703491, 0.0123 
764.8851451873779, 0.0123 
766.1587409973145, 0.0123 
767.4333362579346, 0.0123 
768.7169287204742, 0.0123 
769.9965224266052, 0.0123 
771.2721173763275, 0.0123 
772.5477123260498, 0.0124 
773.825306892395, 0.0125 
775.1039009094238, 0.0125 
776.3804955482483, 0.0125 
777.6600892543793, 0.0125 
778.9366838932037, 0.0125 
780.2152781486511, 0.0125 
781.4948720932007, 0.0125 
782.7724664211273, 0.0125 
784.0510604381561, 0.0125 
785.3226568698883, 0.0125 
786.6022505760193, 0.0125 
787.8838436603546, 0.0125 
789.1564400196075, 0.0125 
790.4370334148407, 0.0125 
791.709629535675, 0.0125 
792.989223241806, 0.0125 
794.2708165645599, 0.0125 
795.5444123744965, 0.0125 
796.8260056972504, 0.0125 
798.0986015796661, 0.0125 
799.38019490242, 0.0125 
800.6537907123566, 0.0125 
801.9343841075897, 0.0126 
803.2109789848328, 0.0126 
804.494571685791, 0.0127 
805.7701668739319, 0.0127 
807.0417635440826, 0.0127 
808.3283553123474, 0.0127 
809.6049501895905, 0.0127 
810.8805451393127, 0.0127 
812.158139705658, 0.0127 
813.4337351322174, 0.0127 
814.7123293876648, 0.0127 
815.9879245758057, 0.0127 
817.2705175876617, 0.0127 
818.5521106719971, 0.0127 
819.8227076530457, 0.0127 
821.104300737381, 0.0127 
822.3848943710327, 0.0127 
823.6584899425507, 0.0128 
824.9390835762024, 0.0128 
826.2106800079346, 0.0128 
827.495272397995, 0.0128 
828.7678682804108, 0.0129 
830.0444631576538, 0.0129 
831.3310549259186, 0.013 
832.6016516685486, 0.013 
833.8842446804047, 0.013 
835.1588399410248, 0.013 
836.4404332637787, 0.013 
837.713029384613, 0.013 
838.9886245727539, 0.013 
840.2722172737122, 0.013 
841.5528106689453, 0.013 
842.8234071731567, 0.013 
844.1089992523193, 0.013 
845.3875937461853, 0.013 
846.6601898670197, 0.013 
847.935784816742, 0.013 
849.2193775177002, 0.013 
850.4939732551575, 0.013 
851.7705678939819, 0.0131 
853.0461630821228, 0.0132 
854.3327548503876, 0.0133 
855.6073503494263, 0.0133 
856.8829455375671, 0.0133 
858.1606955528259, 0.0133 
859.4355018138885, 0.0133 
860.713308095932, 0.0133 
861.9991128444672, 0.0133 
863.2759191989899, 0.0133 
864.5517253875732, 0.0133 
865.8275320529938, 0.0133 
867.1063380241394, 0.0133 
868.3831443786621, 0.0133 
869.6599507331848, 0.0133 
870.9377567768097, 0.0133 
872.2165627479553, 0.0133 
873.4963691234589, 0.0133 
874.7781748771667, 0.0134 
876.0499827861786, 0.0134 
877.3357882499695, 0.0135 
878.6145949363708, 0.0135 
879.8904020786285, 0.0135 
881.1622092723846, 0.0135 
882.4480147361755, 0.0136 
883.7208223342896, 0.0136 
884.9996287822723, 0.0136 
886.2834348678589, 0.0135 
887.558242559433, 0.0135 
888.8390491008759, 0.0135 
890.1168558597565, 0.0135 
891.3906631469727, 0.0136 
892.6704702377319, 0.0136 
893.945277929306, 0.0135 
895.2220847606659, 0.0136 
896.5068910121918, 0.0137 
897.7846989631653, 0.0137 
899.0585067272186, 0.0137 
900.3403136730194, 0.0138 
901.622120141983, 0.0138 
902.8989269733429, 0.0139 
904.1777338981628, 0.0139 
905.4515416622162, 0.0139 
906.7293491363525, 0.0139 
908.0051560401917, 0.0139 
909.2909619808197, 0.0138 
910.565770149231, 0.0138 
911.8445768356323, 0.0139 
913.1213843822479, 0.0139 
914.3951921463013, 0.0139 
915.6739995479584, 0.0139 
916.9528067111969, 0.0139 
918.2326135635376, 0.014 
919.5104207992554, 0.0141 
920.7882282733917, 0.0141 
922.0720343589783, 0.0142 
923.3508422374725, 0.0142 
924.6206512451172, 0.0142 
925.9024574756622, 0.0142 
927.1802649497986, 0.0142 
928.4620718955994, 0.0142 
929.7418785095215, 0.0142 
931.0156869888306, 0.0142 
932.2924945354462, 0.0142 
933.5733008384705, 0.0142 
934.8461093902588, 0.0142 
936.1319153308868, 0.0142 
937.4077231884003, 0.0142 
938.6825320720673, 0.0142 
939.9663381576538, 0.0142 
941.2361476421356, 0.0142 
942.5199537277222, 0.0143 
943.795761346817, 0.0143 
945.0755684375763, 0.0144 
946.3553757667542, 0.0144 
947.6311841011047, 0.0144 
948.905992269516, 0.0144 
950.180801153183, 0.0144 
951.4686076641083, 0.0144 
952.7414162158966, 0.0145 
954.0192239284515, 0.0144 
955.2930324077606, 0.0145 
956.5748400688171, 0.0144 
957.8506481647491, 0.0144 
959.1294560432434, 0.0144 
960.4132635593414, 0.0144 
961.6850719451904, 0.0144 
962.9638795852661, 0.0144 
964.2436873912811, 0.0144 
965.5204951763153, 0.0144 
966.7983038425446, 0.0144 
968.0771124362946, 0.0145 
969.3599200248718, 0.0144 
970.6347284317017, 0.0144 
971.9165360927582, 0.0144 
973.1963429450989, 0.0145 
974.470151424408, 0.0144 
975.7499599456787, 0.0144 
977.0237696170807, 0.0145 
978.2995777130127, 0.0146 
979.5853843688965, 0.0145 
980.8591933250427, 0.0147 
982.1340019702911, 0.0147 
983.4198093414307, 0.0147 
984.6946187019348, 0.0148 
985.9764263629913, 0.0148 
987.2452366352081, 0.0147 
988.5300438404083, 0.0147 
989.8058521747589, 0.0147 
991.0886602401733, 0.0147 
992.3584694862366, 0.0147 
993.6352782249451, 0.0148 
994.921085357666, 0.0147 
996.1998934745789, 0.0147 
997.4747023582458, 0.0148 
998.7525107860565, 0.0148 
1000.0313193798065, 0.0148 
1001.304128408432, 0.0148 
1002.588935136795, 0.0147 
1003.8617444038391, 0.0148 
1005.1415519714355, 0.0148 
1006.4243595600128, 0.0148 
1007.699168920517, 0.0148 
1008.9799778461456, 0.0148 
1010.2507872581482, 0.0148 
1011.5375943183899, 0.0147 
1013.1303536891937, 0.0148 
1014.4121615886688, 0.015 
1015.6889708042145, 0.015 
1016.9627804756165, 0.015 
1018.2395887374878, 0.015 
1019.5273962020874, 0.015 
1020.8022050857544, 0.015 
1022.0750143527985, 0.015 
1023.3608222007751, 0.015 
1024.6326320171356, 0.015 
1025.9144394397736, 0.015 
1027.193247795105, 0.015 
1028.47305560112, 0.015 
1029.7438657283783, 0.015 
1031.030673980713, 0.015 
1032.305483341217, 0.015 
1033.5862917900085, 0.015 
1035.178050994873, 0.015 
1036.783808708191, 0.015 
1038.0586178302765, 0.015 
1039.6523773670197, 0.015 
1040.936184644699, 0.015 
1042.2129933834076, 0.015 
1043.4868023395538, 0.015 
1044.7676112651825, 0.015 
1046.0424213409424, 0.015 
1047.3252289295197, 0.015 
1048.5970387458801, 0.015 
1050.19779753685, 0.015 
1051.4806056022644, 0.015 
1052.7524154186249, 0.015 
1054.0382232666016, 0.0151 
1055.3090331554413, 0.0153 
1056.585842370987, 0.0153 
1057.8666512966156, 0.0153 
1059.1454603672028, 0.0153 
1060.4252693653107, 0.0153 
1061.7050778865814, 0.0153 
1063.3028364181519, 0.0153 
1064.5806455612183, 0.0153 
1065.855455160141, 0.0153 
1067.134263753891, 0.0153 
1068.4090731143951, 0.0153 
1069.688881635666, 0.0153 
1070.973690032959, 0.0153 
1072.2444999217987, 0.0153 
1073.8422586917877, 0.0153 
1075.1260678768158, 0.0153 
1076.4008767604828, 0.0153 
1077.9966356754303, 0.0153 
1079.273444890976, 0.0153 
1080.5502533912659, 0.0153 
1082.1500117778778, 0.0153 
1083.7487704753876, 0.0153 
1085.026579618454, 0.0153 
1086.3103876113892, 0.0153 
1087.5801975727081, 0.0154 
1088.8600060939789, 0.0154 
1090.1428141593933, 0.0155 
1091.419623374939, 0.0156 
1093.017382144928, 0.0156 
1094.2931914329529, 0.0157 
1095.5690009593964, 0.0156 
1097.167759180069, 0.0156 
1098.4455692768097, 0.0156 
1099.723378419876, 0.0156 
1101.0081868171692, 0.0157 
1102.2799966335297, 0.0156 
1103.5648050308228, 0.0156 
1104.8386147022247, 0.0156 
1106.4363732337952, 0.0156 
1107.711183309555, 0.0156 
1109.3129427433014, 0.0156 
1110.5957515239716, 0.0156 
1112.1855115890503, 0.0156 
1113.7842705249786, 0.0157 
1115.381029844284, 0.0157 
1116.9787890911102, 0.0158 
1118.5815472602844, 0.0158 
1120.1743068695068, 0.0159 
1121.4521162509918, 0.0158 
1123.0518748760223, 0.0158 
1124.6486337184906, 0.0158 
1126.2483921051025, 0.0159 
1127.8481504917145, 0.0159 
1129.447909116745, 0.0159 
1131.0366694927216, 0.0159 
1132.322478055954, 0.0159 
1133.9132373332977, 0.0159 
1135.1930463314056, 0.0158 
1136.797805070877, 0.0159 
1138.3945634365082, 0.0158 
1139.9833235740662, 0.0158 
1141.5810828208923, 0.0158 
1143.1878407001495, 0.0158 
1144.7796003818512, 0.0158 
1146.3793590068817, 0.0159 
1147.9801170825958, 0.0159 
1149.5718779563904, 0.0159 
1151.1706371307373, 0.0159 
1152.7683975696564, 0.0159 
1154.3621578216553, 0.0159 
1155.9639165401459, 0.0159 
1157.5626966953278, 0.016 
1159.1605231761932, 0.0161 
1160.7563502788544, 0.0162 
1162.0322124958038, 0.0162 
1163.6320390701294, 0.0162 
1165.235865354538, 0.0162 
1166.8296926021576, 0.0162 
1168.4295189380646, 0.0162 
1170.0203466415405, 0.0162 
1171.6231725215912, 0.0162 
1173.223999261856, 0.0162 
1174.8188264369965, 0.0162 
1176.4156532287598, 0.0162 
1178.0164794921875, 0.0162 
1179.6093068122864, 0.0162 
1181.209133386612, 0.0162 
1182.8079600334167, 0.0162 
1184.4087862968445, 0.0162 
1186.0026137828827, 0.0162 
1187.5984406471252, 0.0162 
1189.2012667655945, 0.0162 
1190.7970941066742, 0.0163 
1192.3889212608337, 0.0163 
1193.9917478561401, 0.0164 
1195.5835752487183, 0.0164 
1197.1804020404816, 0.0164 
1198.7872278690338, 0.0164 
1200.379055261612, 0.0165 
1201.9798820018768, 0.0164 
1203.5777089595795, 0.0164 
1205.169536113739, 0.0164 
1206.7673642635345, 0.0164 
1208.3711905479431, 0.0164 
1209.970017194748, 0.0164 
1211.5628445148468, 0.0164 
1213.1666707992554, 0.0164 
1214.760498046875, 0.0164 
1216.3573253154755, 0.0164 
1217.9581515789032, 0.0164 
1219.556978225708, 0.0164 
1221.1548051834106, 0.0164 
1222.7466328144073, 0.0164 
1224.3454594612122, 0.0164 
1225.950285434723, 0.0164 
1227.5391130447388, 0.0164 
1229.1369400024414, 0.0164 
1230.736766576767, 0.0164 
1232.3345935344696, 0.0165 
1233.9304203987122, 0.0164 
1235.5322465896606, 0.0167 
1237.1300735473633, 0.0167 
1238.7298998832703, 0.0167 
1240.3207273483276, 0.0167 
1241.9185543060303, 0.0167 
1243.5183806419373, 0.0167 
1245.11620759964, 0.0167 
1246.7110347747803, 0.0167 
1248.3098616600037, 0.0167 
1249.9116878509521, 0.0167 
1251.5095145702362, 0.0168 
1253.1053416728973, 0.0167 
1254.7061681747437, 0.0167 
1256.3009958267212, 0.0168 
1257.9008221626282, 0.0168 
1259.4956493377686, 0.0167 
1261.0954761505127, 0.0167 
1262.6943027973175, 0.0167 
1264.2891302108765, 0.0167 
1265.888956785202, 0.0167 
1267.4867837429047, 0.0168 
1269.0846104621887, 0.0167 
1270.6854374408722, 0.0168 
1272.280264377594, 0.0168 
1273.8750913143158, 0.0167 
1275.47491812706, 0.0167 
1277.0737447738647, 0.0167 
1278.6725716590881, 0.0167 
1280.2723982334137, 0.0167 
1281.863225698471, 0.0168 
1283.4630525112152, 0.0168 
1285.0608792304993, 0.0169 
1286.6657054424286, 0.0169 
1288.2635324001312, 0.017 
1289.8583598136902, 0.017 
1291.4591863155365, 0.017 
1293.0530135631561, 0.017 
1294.649840593338, 0.017 
1296.2476675510406, 0.017 
1297.8474941253662, 0.017 
1299.4403216838837, 0.017 
1301.0401484966278, 0.017 
1302.6449744701385, 0.017 
1304.2398018836975, 0.017 
1305.834629058838, 0.017 
1307.4314558506012, 0.017 
1309.0362820625305, 0.017 
1310.631109237671, 0.017 
1312.2269365787506, 0.0171 
1313.8267631530762, 0.0173 
1315.4215908050537, 0.0173 
1317.024416923523, 0.0173 
1318.6182444095612, 0.0173 
1320.2220706939697, 0.0173 
1321.8138983249664, 0.0173 
1323.4147248268127, 0.0173 
1325.0095520019531, 0.0173 
1326.6133785247803, 0.0173 
1328.2032063007355, 0.0173 
1329.8040330410004, 0.0173 
1331.3998601436615, 0.0173 
1333.0056862831116, 0.0173 
1334.5995135307312, 0.0173 
1336.2013399600983, 0.0173 
1337.795167207718, 0.0173 
1339.3959939479828, 0.0173 
1340.9918212890625, 0.0173 
1342.5906479358673, 0.0173 
1344.1874749660492, 0.0173 
1345.7883014678955, 0.0173 
1347.383128643036, 0.0173 
1348.9789559841156, 0.0173 
1350.577782869339, 0.0173 
1352.1736102104187, 0.0173 
1353.7784361839294, 0.0173 
1355.3672647476196, 0.0173 
1356.9740905761719, 0.0173 
1358.544924736023, 0.0173 
1360.1637494564056, 0.0173 
1361.7585768699646, 0.0173 
1363.3654026985168, 0.0173 
1371.6745591163635, 0.0175 
1373.2723860740662, 0.0175 
1374.8612141609192, 0.0175 
1376.4670400619507, 0.0176 
1378.0628674030304, 0.0175 
1379.65669465065, 0.0176 
1381.2565214633942, 0.0176 
1382.8573479652405, 0.0176 
1384.4561748504639, 0.0176 
1386.0510022640228, 0.0177 
1387.6538286209106, 0.0177 
1389.2436563968658, 0.0176 
1390.8464827537537, 0.0176 
1392.4423100948334, 0.0176 
1394.0451362133026, 0.0176 
1395.6359641551971, 0.0176 
1397.2397902011871, 0.0176 
1398.833617925644, 0.0176 
1400.435444355011, 0.0176 
1402.0322713851929, 0.0176 
1403.626098871231, 0.0176 
1405.229924917221, 0.0176 
1406.8267521858215, 0.0176 
1408.4165799617767, 0.0177 
1410.0224061012268, 0.0176 
1411.6152336597443, 0.0176 
1413.2190601825714, 0.0176 
1414.8158872127533, 0.0176 
1416.4127142429352, 0.0176 
1418.002542257309, 0.0177 
1419.6013689041138, 0.0177 
1421.2091948986053, 0.0176 
1422.8050220012665, 0.0177 
1424.4008493423462, 0.0176 
1425.9956765174866, 0.0176 
1427.5935037136078, 0.0176 
1429.1913306713104, 0.0176 
1430.7921574115753, 0.0177 
1432.3919839859009, 0.0176 
1433.9838118553162, 0.0176 
1435.586638212204, 0.0176 
1437.1864652633667, 0.0179 
1438.780292749405, 0.0177 
1440.3811194896698, 0.0177 
1441.9799461364746, 0.0178 
1443.5717737674713, 0.0179 
1445.1746003627777, 0.0179 
1446.7744274139404, 0.0179 
1448.3642551898956, 0.0179 
1449.9640820026398, 0.0179 
1451.5649087429047, 0.0179 
1453.1577363014221, 0.0179 
1454.7595629692078, 0.0179 
1456.355390071869, 0.0179 
1457.960233449936, 0.0179 
1459.555115699768, 0.0179 
1461.1519975662231, 0.0179 
1462.7468795776367, 0.0179 
1464.3427619934082, 0.0179 
1465.94664311409, 0.0179 
1467.5455250740051, 0.0179 
1469.13640832901, 0.0179 
1470.7382893562317, 0.0179 
1472.3321714401245, 0.0179 
1473.9340527057648, 0.0179 
1475.5289347171783, 0.0179 
1477.1318159103394, 0.0179 
1478.727698802948, 0.0179 
1480.3245811462402, 0.0179 
1481.9254631996155, 0.0179 
1483.5253450870514, 0.0179 
1485.1202273368835, 0.0179 
1486.7221093177795, 0.0179 
1488.311992406845, 0.0179 
1489.9118745326996, 0.0179 
1491.514756679535, 0.0179 
1493.112638950348, 0.0179 
1494.7105207443237, 0.0179 
1496.3094029426575, 0.0179 
1497.9102849960327, 0.0179 
1499.4991681575775, 0.0179 
1501.097050189972, 0.0179 
1502.6949322223663, 0.0179 
1504.2958142757416, 0.0179 
1505.8966965675354, 0.0179 
1507.4945785999298, 0.018 
1509.0844614505768, 0.018 
1510.6873438358307, 0.0179 
1512.2832267284393, 0.018 
1513.8831088542938, 0.0181 
1515.4829907417297, 0.018 
1517.0778739452362, 0.0182 
1518.6797559261322, 0.0182 
1520.2706389427185, 0.0182 
1521.870521068573, 0.0182 
1523.4694030284882, 0.0182 
1525.070285320282, 0.0182 
1526.6631681919098, 0.0182 
1528.261051416397, 0.0182 
1529.8599343299866, 0.0182 
1531.4538173675537, 0.0182 
1533.0576992034912, 0.0182 
1534.6555824279785, 0.0182 
1536.2494661808014, 0.0182 
1537.8433492183685, 0.0182 
1539.4482312202454, 0.0182 
1541.039115190506, 0.0182 
1542.6459975242615, 0.0182 
1544.2358813285828, 0.0182 
1545.8327643871307, 0.0182 
1547.4306471347809, 0.0182 
1549.0275301933289, 0.0182 
1550.6254131793976, 0.0182 
1552.230295419693, 0.0183 
1553.8221793174744, 0.0183 
1555.4210622310638, 0.0182 
1557.0189452171326, 0.0183 
1558.6148281097412, 0.0183 
1560.21471118927, 0.0183 
1561.8125944137573, 0.0183 
1563.4124782085419, 0.0184 
1565.0143611431122, 0.0183 
1566.604245185852, 0.0184 
1568.203127861023, 0.0184 
1569.7980120182037, 0.0185 
1571.3988950252533, 0.0184 
1572.9977781772614, 0.0185 
1574.6006608009338, 0.0185 
1576.1985440254211, 0.0185 
1577.7884278297424, 0.0185 
1579.3913106918335, 0.0185 
1580.9911937713623, 0.0184 
1582.586077928543, 0.0185 
1584.1809616088867, 0.0185 
1585.7808446884155, 0.0185 
1587.3767285346985, 0.0185 
1588.9776117801666, 0.0185 
1590.5794944763184, 0.0185 
1592.1713783740997, 0.0185 
1593.7742614746094, 0.0185 
1595.369145154953, 0.0185 
1596.9680292606354, 0.0185 
1598.5659132003784, 0.0185 
1600.1627969741821, 0.0185 
1601.7626810073853, 0.0185 
1603.3585648536682, 0.0184 
1604.959448814392, 0.0184 
1606.5563328266144, 0.0184 
1608.1462173461914, 0.0185 
1609.7451014518738, 0.0185 
1611.3429853916168, 0.0185 
1612.947868347168, 0.0185 
1614.5417523384094, 0.0185 
1616.1376359462738, 0.0185 
1617.732519865036, 0.0185 
1619.3294038772583, 0.0185 
1620.933287858963, 0.0184 
1622.5241725444794, 0.0185 
1624.1250565052032, 0.0185 
1625.7209403514862, 0.0185 
1627.31982421875, 0.0185 
1628.9207081794739, 0.0185 
1630.5175919532776, 0.0185 
1632.1104769706726, 0.0185 
1633.7143607139587, 0.0184 
1635.3082456588745, 0.0185 
1636.908129453659, 0.0184 
1638.5110132694244, 0.0185 
1640.1088972091675, 0.0184 
1641.704781293869, 0.0185 
1643.3016648292542, 0.0185 
1644.8975489139557, 0.0185 
1646.4964327812195, 0.0185 
1648.0973167419434, 0.0184 
1649.687201499939, 0.0185 
1651.2860856056213, 0.0184 
1652.887969493866, 0.0185 
1654.4888532161713, 0.0185 
1656.083737373352, 0.0186 
1657.67662191391, 0.0185 
1659.2765057086945, 0.0187 
1660.873390674591, 0.0185 
1662.4722752571106, 0.0185 
1664.0741593837738, 0.0185 
1665.6710443496704, 0.0184 
1667.2679290771484, 0.0185 
1668.868813753128, 0.0185 
1670.447739124298, 0.0184 
1672.0716536045074, 0.0185 
1673.6555392742157, 0.0185 
1675.2544240951538, 0.0185 
1676.8513090610504, 0.0185 
1678.4481937885284, 0.0185 
1680.0480785369873, 0.0185 
1681.645963191986, 0.0185 
1683.2448480129242, 0.0185 
1684.8427329063416, 0.0184 
1686.4406175613403, 0.0185 
1688.0375034809113, 0.0185 
1689.63538813591, 0.0184 
1691.2382729053497, 0.0185 
1692.8331577777863, 0.0185 
1694.4250433444977, 0.0185 
1696.0249280929565, 0.0185 
1697.6218130588531, 0.0185 
1699.2226979732513, 0.0185 
1700.815583705902, 0.0185 
1702.4184682369232, 0.0185 
1704.0193531513214, 0.0185 
1705.6092388629913, 0.0185 
1707.214123725891, 0.0185 
1708.8090093135834, 0.0185 
1710.4088940620422, 0.0185 
1712.0027797222137, 0.0185 
1713.603664636612, 0.0188 
1715.1965503692627, 0.0188 
1716.7984352111816, 0.0187 
1718.393320798874, 0.0188 
1719.994205713272, 0.0188 
1721.586091518402, 0.0188 
1723.1909761428833, 0.0188 
1724.7868616580963, 0.0188 
1726.380747795105, 0.0188 
1727.9826323986053, 0.0188 
1729.5815179347992, 0.0188 
1731.1754035949707, 0.0188 
1732.7702896595001, 0.0188 
1734.3731741905212, 0.0188 
1735.9650599956512, 0.0188 
1737.5669445991516, 0.0188 
1739.1608302593231, 0.0188 
1740.7657153606415, 0.0188 
1742.365600824356, 0.0188 
1743.9564876556396, 0.0188 
1745.553373336792, 0.0188 
1747.156257867813, 0.0188 
1748.752144575119, 0.0188 
1750.3540301322937, 0.0188 
1751.9429171085358, 0.0188 
1753.5448026657104, 0.0188 
1755.1416885852814, 0.0188 
1756.741574048996, 0.0188 
1758.338472366333, 0.0188 
1759.9373707771301, 0.0188 
1761.5352692604065, 0.0188 
1763.1321675777435, 0.0188 
1764.7280669212341, 0.0188 
1766.3309650421143, 0.0188 
1767.92986369133, 0.0188 
1769.528762102127, 0.0188 
1771.1216614246368, 0.0188 
1772.720559835434, 0.0188 
1774.3204581737518, 0.0188 
1775.9203565120697, 0.0188 
1777.5102558135986, 0.0188 
1779.115153312683, 0.0188 
1780.7070524692535, 0.0188 
1782.3069508075714, 0.0189 
1783.9058492183685, 0.0189 
1785.5077476501465, 0.0189 
1787.1016466617584, 0.0189 
1788.7005469799042, 0.0189 
1790.3004460334778, 0.0189 
1791.895345211029, 0.0189 
1793.4932446479797, 0.019 
1795.088143825531, 0.019 
1796.6900420188904, 0.019 
1798.2849411964417, 0.019 
1799.8908398151398, 0.019 
1801.4827389717102, 0.019 
1803.0786380767822, 0.019 
1804.6855363845825, 0.019 
1806.2744364738464, 0.019 
1807.8723356723785, 0.019 
1809.4752340316772, 0.019 
1811.0691332817078, 0.019 
1812.6750316619873, 0.019 
1814.264931678772, 0.019 
1815.8698301315308, 0.019 
1817.4627301692963, 0.0191 
1819.060628414154, 0.019 
1820.662526845932, 0.019 
1822.2624261379242, 0.019 
1823.8573260307312, 0.019 
1825.4582252502441, 0.019 
1827.0501244068146, 0.019 
1828.646024465561, 0.019 
1830.2469229698181, 0.019 
1831.8418221473694, 0.019 
1833.4457204341888, 0.019 
1835.0426194667816, 0.019 
1836.6435189247131, 0.0191 
1838.2384181022644, 0.019 
1839.832317352295, 0.019 
1841.43421626091, 0.019 
1843.03111577034, 0.019 
1844.6260149478912, 0.0191 
1846.2329132556915, 0.019 
1847.8278124332428, 0.019 
1849.4257118701935, 0.0191 
1851.0246109962463, 0.0191 
1852.6185100078583, 0.019 
1854.2144093513489, 0.019 
1855.817307472229, 0.019 
1857.4172070026398, 0.019 
1859.0091061592102, 0.019 
1860.6130044460297, 0.019 
1862.2089035511017, 0.019 
1863.805802822113, 0.019 
1865.4047021865845, 0.019 
1867.0006012916565, 0.019 
1868.5975005626678, 0.019 
1870.1943995952606, 0.019 
1871.7902987003326, 0.019 
1873.3911981582642, 0.019 
1874.9860980510712, 0.019 
1876.5859973430634, 0.019 
1878.185896396637, 0.019 
1879.7857956886292, 0.019 
1881.3856949806213, 0.019 
1882.982594013214, 0.019 
1884.5844931602478, 0.019 
1886.1793932914734, 0.019 
1887.7782924175262, 0.019 
1889.368192434311, 0.019 
1890.9700915813446, 0.019 
1892.5709908008575, 0.0191 
1894.1648907661438, 0.019 
1895.7677900791168, 0.019 
1897.3636901378632, 0.019 
1898.960590839386, 0.019 
1900.5524916648865, 0.019 
1902.157390832901, 0.019 
1903.7522909641266, 0.019 
1905.3471908569336, 0.019 
1906.9520900249481, 0.019 
1908.549989938736, 0.019 
1910.1478900909424, 0.019 
1911.7417900562286, 0.019 
1913.3356902599335, 0.019 
1914.9335901737213, 0.019 
1916.5394892692566, 0.019 
1918.129390001297, 0.019 
1919.7282898426056, 0.019 
1921.3311891555786, 0.019 
1922.9300894737244, 0.019 
1924.5309891700745, 0.019 
1926.1288893222809, 0.019 
1927.7207901477814, 0.019 
1929.3176901340485, 0.0191 
1930.9175901412964, 0.019 
1932.518490076065, 0.019 
1934.1153900623322, 0.019 
1935.7072908878326, 0.019 
1937.3141899108887, 0.019 
1938.9060909748077, 0.019 
1940.5019915103912, 0.019 
1942.10689163208, 0.019 
1943.69979262352, 0.019 
1945.30269241333, 0.0191 
1946.8945932388306, 0.0191 
1948.4954931735992, 0.019 
1950.0973932743073, 0.019 
1951.6892940998077, 0.0191 
1953.2861948013306, 0.019 
1954.8870949745178, 0.0191 
1956.4889950752258, 0.0191 
1958.0828957557678, 0.0191 
1959.6797964572906, 0.0191 
1961.28169631958, 0.0191 
1962.8725972175598, 0.0191 
1964.4694979190826, 0.0191 
1966.076397895813, 0.0191 
1967.671298980713, 0.0191 
1969.2731988430023, 0.0191 
1970.8621003627777, 0.0191 
1972.4620013237, 0.0192 
1974.0669012069702, 0.0193 
1975.6628019809723, 0.019 
1977.2557036876678, 0.019 
1978.8526046276093, 0.0191 
1980.4495050907135, 0.0191 
1982.0564050674438, 0.019 
1983.6453068256378, 0.019 
1985.2512068748474, 0.019 
1986.8481075763702, 0.0191 
1988.438009262085, 0.0191 
1990.045909166336, 0.0191 
1991.6348106861115, 0.0191 
1993.2327115535736, 0.0193 
1994.839611530304, 0.0193 
1996.430513381958, 0.0192 
1998.031414270401, 0.0192 
1999.6333150863647, 0.0193 
2001.2352159023285, 0.0193 
2002.821117401123, 0.0193 
2004.426017999649, 0.0193 
2006.0159196853638, 0.0193 
2007.6222469806671, 0.0193 
2009.2267196178436, 0.0193 
2010.8291878700256, 0.0194 
2012.4286499023438, 0.0193 
2014.0291137695312, 0.0194 
2015.6245670318604, 0.0194 
2017.2270350456238, 0.0193 
2018.8335120677948, 0.0194 
2020.4389870166779, 0.0194 
2022.0324356555939, 0.0194 
2023.6379113197327, 0.0193 
2025.2433860301971, 0.0194 
2026.8398413658142, 0.0194 
2028.4453163146973, 0.0194 
2030.0417716503143, 0.0193 
2031.6422357559204, 0.0193 
2033.251719236374, 0.0193 
2034.8491768836975, 0.0193 
2036.4486391544342, 0.0193 
2038.0561182498932, 0.0193 
2039.6555802822113, 0.0193 
2041.2530376911163, 0.0193 
2042.8565084934235, 0.0193 
2044.457974910736, 0.0194 
2046.0604436397552, 0.0194 
2047.6579012870789, 0.0194 
2049.2633759975433, 0.0194 
2050.859831571579, 0.0194 
2052.4693150520325, 0.0193 
2054.066772699356, 0.0194 
2055.670243024826, 0.0193 
2057.269705057144, 0.0194 
2058.8701691627502, 0.0194 
2060.467626810074, 0.0194 
2062.0791149139404, 0.0194 
2063.67857670784, 0.0194 
2065.2830498218536, 0.0194 
2066.8835139274597, 0.0193 
2068.48197388649, 0.0193 
2070.0834403038025, 0.0194 
2071.6839044094086, 0.0193 
2073.2803597450256, 0.0194 
2074.8848328590393, 0.0194 
2076.4842948913574, 0.0193 
2078.093778371811, 0.0193 
2079.694242954254, 0.0193 
2081.2967116832733, 0.0194 
2082.894169807434, 0.0193 
2084.4906253814697, 0.0194 
2086.1011111736298, 0.0193 
2087.703579902649, 0.0193 
2089.2950246334076, 0.0194 
2090.9035062789917, 0.0194 
2092.5079793930054, 0.0193 
2094.1084434986115, 0.0194 
2095.701892852783, 0.0193 
2097.3033590316772, 0.0194 
2098.9058277606964, 0.0194 
2100.5092985630035, 0.0193 
2102.1167781352997, 0.0193 
2103.7132341861725, 0.0194 
2105.315702676773, 0.0194 
2106.9221799373627, 0.0194 
2108.5186359882355, 0.0193 
2110.117096185684, 0.0193 
2111.7225711345673, 0.0194 
2113.3250398635864, 0.0194 
2114.922497987747, 0.0193 
2116.5279729366302, 0.0193 
2118.126433134079, 0.0193 
2119.735917329788, 0.0193 
2121.3333752155304, 0.0194 
2122.937848329544, 0.0193 
2124.5343041419983, 0.0194 
2126.1397793293, 0.0194 
2127.7352328300476, 0.0194 
2129.3427124023438, 0.0194 
2130.9431772232056, 0.0193 
2132.539632797241, 0.0194 
2134.148114681244, 0.0193 
2135.7425661087036, 0.0194 
2137.3460371494293, 0.0193 
2138.9515125751495, 0.0193 
2140.547968149185, 0.0193 
2142.1544456481934, 0.0194 
2143.759924888611, 0.0194 
2145.352372407913, 0.0193 
2146.962858438492, 0.0194 
2148.5643253326416, 0.0193 
2150.1637876033783, 0.0194 
2151.758239507675, 0.0194 
2153.342693567276, 0.0194 
2154.963205099106, 0.0193 
2156.5706853866577, 0.0194 
2158.171150445938, 0.0193 
2159.775625228882, 0.0194 
2161.378093957901, 0.0193 
2162.9775569438934, 0.0193 
2164.5720086097717, 0.0193 
2166.176481962204, 0.0193 
2167.7759449481964, 0.0193 
2169.382422685623, 0.0193 
2170.984892129898, 0.0193 
2172.5883638858795, 0.0194 
2174.187827348709, 0.0194 
2175.784283876419, 0.0193 
2177.386754512787, 0.0193 
2178.9922308921814, 0.0194 
2180.59369969368, 0.0193 
2182.1911585330963, 0.0194 
2183.794630050659, 0.0193 
2185.393090724945, 0.0193 
2187.000571012497, 0.0193 
2188.599031686783, 0.0194 
2190.196490049362, 0.0193 
2191.7979571819305, 0.0193 
2193.401428937912, 0.0193 
2195.001893758774, 0.0193 
2196.606367588043, 0.0193 
2198.2098393440247, 0.0194 
2199.8083000183105, 0.0193 
2201.410769224167, 0.0193 
2203.0102319717407, 0.0193 
2204.6157081127167, 0.0193 
2206.2161729335785, 0.0193 
2207.820646762848, 0.0194 
2209.419107437134, 0.0193 
2211.0185701847076, 0.0193 
2212.621039867401, 0.0194 
2214.228520154953, 0.0193 
2215.830989599228, 0.0194 
2217.4234371185303, 0.0193 
2219.0339238643646, 0.0193 
2220.6323845386505, 0.0193 
2222.2318472862244, 0.0194 
2223.836320877075, 0.0193 
2225.4377884864807, 0.0193 
2227.0402579307556, 0.0194 
2228.6417253017426, 0.0194 
2230.2441947460175, 0.0194 
2231.8466641902924, 0.0194 
2233.4491333961487, 0.0194 
2235.047594308853, 0.0193 
2236.650064229965, 0.0193 
2238.2515313625336, 0.0194 
2239.855003118515, 0.0194 
2241.448452949524, 0.0193 
2243.050922393799, 0.0194 
2244.6543939113617, 0.0193 
2246.257865667343, 0.0193 
2247.8623394966125, 0.0193 
2249.4587960243225, 0.0193 
2251.06427192688, 0.0193 
2252.6607286930084, 0.0193 
2254.2652022838593, 0.0194 
2255.861659049988, 0.0194 
2257.4681375026703, 0.0193 
2259.073613166809, 0.0193 
2260.67307639122, 0.0193 
2262.273541688919, 0.0193 
2263.8740072250366, 0.0193 
2265.472468137741, 0.0193 
2267.081953048706, 0.0193 
2268.680414199829, 0.0194 
2270.277872800827, 0.0196 
2271.877336502075, 0.0196 
2273.4788041114807, 0.0196 
2275.0882890224457, 0.0196 
2276.6887543201447, 0.0196 
2278.289220094681, 0.0196 
2279.8936944007874, 0.0196 
2281.4931576251984, 0.0196 
2283.0946249961853, 0.0196 
2284.696092605591, 0.0196 
2286.299564599991, 0.0196 
2287.8920130729675, 0.0196 
2289.4934804439545, 0.0196 
2291.09494805336, 0.0196 
2292.6964156627655, 0.0196 
2294.3028943538666, 0.0196 
2295.9063663482666, 0.0196 
2297.5028233528137, 0.0196 
2299.106295108795, 0.0196 
2300.713776111603, 0.0196 
2302.3082287311554, 0.0196 
2303.907692193985, 0.0196 
2305.510162115097, 0.0196 
2307.1171531677246, 0.0196 
2308.7184331417084, 0.0196 
2310.3117067813873, 0.0196 
2311.913987636566, 0.0196 
2313.5092628002167, 0.0196 
2315.1105427742004, 0.0196 
2316.7128236293793, 0.0196 
2318.3070979118347, 0.0196 
2319.9143826961517, 0.0196 
2321.5076563358307, 0.0196 
2323.1089363098145, 0.0196 
2324.706213235855, 0.0196 
2326.3044908046722, 0.0196 
2327.907772541046, 0.0196 
2329.5020468235016, 0.0196 
2331.1043276786804, 0.0196 
2332.701604604721, 0.0196 
2334.3058869838715, 0.0196 
2335.905165195465, 0.0196 
2337.4954364299774, 0.0196 
2339.0977170467377, 0.0196 
2340.7030005455017, 0.0196 
2342.293271780014, 0.0196 
2343.894551753998, 0.0196 
2345.4938299655914, 0.0196 
2347.0931084156036, 0.0196 
2348.693387746811, 0.0196 
2350.293667078018, 0.0196 
2351.8919444084167, 0.0196 
2353.490221977234, 0.0196 
2355.0955052375793, 0.0196 
2356.6907806396484, 0.0196 
2358.295063018799, 0.0196 
2359.893340587616, 0.0196 
2361.4876148700714, 0.0196 
2363.083890914917, 0.0196 
2364.6891741752625, 0.0196 
2366.290454149246, 0.0196 
2367.8847284317017, 0.0196 
2369.4880101680756, 0.0196 
2371.0882892608643, 0.0196 
2372.6885685920715, 0.0196 
2374.281841993332, 0.0196 
2375.882121324539, 0.0196 
2377.482400417328, 0.0196 
2379.0886845588684, 0.0196 
2380.683959722519, 0.0196 
2382.2852396965027, 0.0196 
2383.8855187892914, 0.0196 
2385.4797933101654, 0.0196 
2387.0790717601776, 0.0196 
2388.6773493289948, 0.0196 
2390.2806310653687, 0.0196 
2391.877907514572, 0.0196 
2393.481189250946, 0.0196 
2395.0774652957916, 0.0196 
2396.6747422218323, 0.0196 
2398.274020433426, 0.0196 
2399.8783028125763, 0.0196 
2401.4735782146454, 0.0196 
2403.0788612365723, 0.0196 
2404.674136400223, 0.0196 
2406.269411802292, 0.0196 
2407.8726930618286, 0.0196 
2409.478977203369, 0.0196 
2411.07625412941, 0.0196 
2412.6755323410034, 0.0196 
2414.272809267044, 0.0196 
2415.8690853118896, 0.0196 
2417.468363761902, 0.0196 
2419.066641330719, 0.0196 
2420.6659195423126, 0.0196 
2422.2641973495483, 0.0196 
2423.8674788475037, 0.0196 
2425.4697597026825, 0.0196 
2427.067036628723, 0.0196 
2428.664313316345, 0.0196 
2430.2625908851624, 0.0196 
2431.863870859146, 0.0196 
2433.4621484279633, 0.0196 
2435.0614268779755, 0.0196 
2436.660705089569, 0.0196 
2438.2619853019714, 0.0196 
2439.8642661571503, 0.0196 
2441.464545249939, 0.0196 
2443.057818889618, 0.0196 
2444.6631021499634, 0.0196 
2446.254374027252, 0.0196 
2447.8546533584595, 0.0196 
2449.4569339752197, 0.0196 
2451.0602157115936, 0.0196 
2452.656491756439, 0.0196 
2454.2587723731995, 0.0196 
2455.851045370102, 0.0196 
2457.4583299160004, 0.0196 
2459.050602912903, 0.0196 
2460.6518828868866, 0.0196 
2462.2491595745087, 0.0196 
2463.8464365005493, 0.0196 
2465.45272064209, 0.0196 
2467.048996448517, 0.0196 
2468.6502764225006, 0.0196 
2470.246552467346, 0.0196 
2471.8528366088867, 0.0196 
2473.4481117725372, 0.0196 
2475.046389102936, 0.0196 
2476.641664505005, 0.0196 
2478.249950170517, 0.0196 
2479.8452253341675, 0.0196 
2481.4465053081512, 0.0196 
2483.0437819957733, 0.0196 
2484.642059803009, 0.0196 
2486.2413380146027, 0.0196 
2487.8376140594482, 0.0196 
2489.4368925094604, 0.0196 
2491.0401740074158, 0.0196 
2492.640453338623, 0.0196 
2494.2347276210785, 0.0196 
2495.8360075950623, 0.0196 
2497.437287569046, 0.0196 
2499.036566257477, 0.0196 
2500.6398475170135, 0.0196 
2502.232120513916, 0.0196 
2503.8364028930664, 0.0196 
2505.43768286705, 0.0196 
2507.034959793091, 0.0196 
2508.6302347183228, 0.0196 
2510.234517097473, 0.0196 
2511.828791618347, 0.0196 
2513.4280700683594, 0.0196 
2515.0303506851196, 0.0196 
2516.630630016327, 0.0196 
2518.2319099903107, 0.0196 
2519.8271853923798, 0.0196 
2521.430466890335, 0.0196 
2523.023740530014, 0.0196 
2524.625020503998, 0.0196 
2526.2263004779816, 0.0196 
2527.8245780467987, 0.0196 
2529.4288606643677, 0.0196 
2531.0201325416565, 0.0196 
2532.624414920807, 0.0196 
2534.222692489624, 0.0196 
2535.817967891693, 0.0196 
2537.42325091362, 0.0196 
2539.019526720047, 0.0196 
2540.6168036460876, 0.0196 
2542.2150814533234, 0.0196 
2543.8223662376404, 0.0196 
2545.4186420440674, 0.0196 
2547.014918088913, 0.0196 
2548.6161980628967, 0.0196 
2550.2194797992706, 0.0196 
2551.8167564868927, 0.0196 
2553.416034936905, 0.0196 
2555.0113101005554, 0.0196 
2556.612590074539, 0.0196 
2558.2128694057465, 0.0196 
2559.8091452121735, 0.0196 
2561.4124269485474, 0.0196 
2563.011705160141, 0.0196 
2564.610983610153, 0.0196 
2566.2112629413605, 0.0196 
2567.805537223816, 0.0196 
2569.40881896019, 0.0196 
2571.0100989341736, 0.0196 
2572.6113789081573, 0.0196 
2574.210657119751, 0.0196 
2575.8109364509583, 0.0196 
2577.4102149009705, 0.0196 
2579.007491827011, 0.0196 
2580.603767633438, 0.0196 
2582.204046726227, 0.0196 
2583.806327819824, 0.0196 
2585.4006021022797, 0.0196 
2587.003883600235, 0.0197 
2588.599159002304, 0.0198 
2590.2014396190643, 0.0197 
2591.7947132587433, 0.0196 
2593.4019980430603, 0.0198 
2594.999274969101, 0.0196 
2596.6025564670563, 0.0197 
2598.1968309879303, 0.0198 
2599.792106151581, 0.0196 
2601.3983902931213, 0.0197 
2602.99666762352, 0.0196 
2604.594945192337, 0.0196 
2606.1902203559875, 0.0198 
2607.796112537384, 0.0198 
2609.390646457672, 0.0199 
2610.988180875778, 0.02 
2612.5917167663574, 0.02 
2614.1852498054504, 0.02 
2615.7817838191986, 0.02 
2617.3843219280243, 0.02 
2618.98686003685, 0.02 
2620.5813941955566, 0.02 
2622.1759281158447, 0.02 
2623.7744631767273, 0.02 
2625.371997356415, 0.02 
2626.9825360774994, 0.02 
2628.5760707855225, 0.02 
2630.1756060123444, 0.02 
2631.771139383316, 0.02 
2633.371675014496, 0.02 
2634.9662091732025, 0.02 
2636.5667448043823, 0.02 
2638.166280031204, 0.02 
2639.760814189911, 0.02 
2641.3583483695984, 0.02 
2642.960884809494, 0.02 
2644.554418563843, 0.02 
2646.1519541740417, 0.0199 
2647.7554907798767, 0.0199 
2649.3570277690887, 0.02 
2650.9535624980927, 0.02 
2652.553098678589, 0.02 
2654.1456320285797, 0.02 
2655.7491688728333, 0.02 
2657.350704908371, 0.02 
2658.9412372112274, 0.02 
2660.544774055481, 0.02 
2662.1383078098297, 0.02 
2663.7368433475494, 0.02 
2665.3413808345795, 0.02 
2666.9439170360565, 0.02 
2668.5344502925873, 0.02 
2670.1309854984283, 0.02 
2671.733521938324, 0.0199 
2673.336062669754, 0.02 
2674.9305968284607, 0.02 
2676.530133008957, 0.02 
2678.125667333603, 0.02 
2679.727203130722, 0.02 
2681.3287403583527, 0.02 
2682.9282763004303, 0.02 
2684.522810459137, 0.0201 
2686.126347064972, 0.0203 
2687.7198820114136, 0.0204 
2689.319417953491, 0.0204 
2690.9169533252716, 0.0205 
2692.5174899101257, 0.0204 
2694.1150250434875, 0.0204 
2695.712560415268, 0.0204 
2697.3160972595215, 0.0204 
2698.90763092041, 0.0204 
2700.5071671009064, 0.0204 
2702.1067032814026, 0.0204 
2703.70623922348, 0.0202 
2705.3137786388397, 0.02 
2706.9043118953705, 0.02 
2708.500846862793, 0.02 
2710.0993824005127, 0.02 
2711.7039206027985, 0.02 
2713.294454097748, 0.0197 
2714.8949904441833, 0.0196 
2716.492526769638, 0.0196 
2718.0980653762817, 0.0196 
2719.690599679947, 0.0196 
2721.2871351242065, 0.0193 
2722.893674135208, 0.0193 
2724.490210056305, 0.0193 
2726.0817437171936, 0.0194 
2727.6822803020477, 0.019 
2729.2788162231445, 0.019 
2730.8783531188965, 0.019 
2732.480890274048, 0.0188 
2734.076425552368, 0.0188 
2735.6789631843567, 0.0185 
2737.273498058319, 0.0185 
2738.871034383774, 0.0182 
2740.474571943283, 0.0182 
2742.0671062469482, 0.0179 
2743.6736450195312, 0.0179 
2745.273182153702, 0.0177 
2746.863716363907, 0.0176 
2748.460252046585, 0.0174 
2750.064790248871, 0.0173 
2751.657324552536, 0.017 
2753.2638635635376, 0.017 
2754.8583984375, 0.0167 
2756.462936401367, 0.0168 
2758.052470445633, 0.0164 
2759.6530084609985, 0.0164 
2761.252545595169, 0.0162 
2762.850081920624, 0.0159 
2764.4466178417206, 0.0159 
2766.0541570186615, 0.0158 
2767.6516931056976, 0.0156 
2769.2492294311523, 0.0154 
2770.846766471863, 0.0153 
2772.4473037719727, 0.0151 
2774.047841310501, 0.015 
2775.638375520706, 0.0149 
2777.238912820816, 0.0147 
2778.8374495506287, 0.0145 
2780.4409880638123, 0.0144 
2782.032522916794, 0.0143 
2783.6370618343353, 0.0142 
2785.237599134445, 0.0139 
2786.8291339874268, 0.0136 
2788.431672334671, 0.0135 
2790.02520775795, 0.0133 
2791.6277458667755, 0.0133 
2793.2272827625275, 0.013 
2794.820818424225, 0.0127 
2796.420355319977, 0.0127 
2798.0208928585052, 0.0126 
2799.615428686142, 0.0125 
2801.2189671993256, 0.0125 
2802.8145036697388, 0.0123 
2804.4180421829224, 0.0123 
2806.0195801258087, 0.0122 
2807.6111147403717, 0.0121 
2809.215653657913, 0.0121 
2810.8071892261505, 0.012 
2812.4047265052795, 0.012 
2814.012266635895, 0.012 
2815.6028008461, 0.012 
2817.201338291168, 0.0119 
2818.8008761405945, 0.0119 
2820.3984134197235, 0.0118 
2822.003952741623, 0.0118 
2823.603490829468, 0.0118 
2825.1970262527466, 0.0118 
2826.801565170288, 0.0117 
2828.395101547241, 0.0118 
2829.994639635086, 0.0117 
2831.59117603302, 0.0117 
2833.187712907791, 0.0117 
2834.7932522296906, 0.0117 
2836.387788295746, 0.0116 
2837.9853253364563, 0.0116 
2839.582862138748, 0.0116 
2841.1814000606537, 0.0116 
2842.7819380760193, 0.0116 
2844.3804755210876, 0.0116 
2845.9770123958588, 0.0116 
2847.576550245285, 0.0116 
2849.180089712143, 0.0116 
2850.7736263275146, 0.0116 
2852.3781661987305, 0.0116 
2853.975703239441, 0.0116 
2855.5772416591644, 0.0116 
2857.167776823044, 0.0116 
2858.7703161239624, 0.0116 
2860.3658533096313, 0.0116 
2861.970393180847, 0.0116 
2863.564929962158, 0.0116 
2865.163468360901, 0.0115 
2866.75900554657, 0.0115 
2868.36554646492, 0.0115 
2869.958083152771, 0.0115 
2871.5566217899323, 0.0114 
2873.16016125679, 0.0115 
2874.758699655533, 0.0114 
2876.353236436844, 0.0114 
2877.9477729797363, 0.0114 
2879.5553143024445, 0.0114 
2881.147850036621, 0.0114 
2882.7463886737823, 0.0114 
2884.346927881241, 0.0114 
2885.9464666843414, 0.0114 
2887.5420038700104, 0.0114 
2889.141542673111, 0.0114 
2890.7400810718536, 0.0114 
2892.3356182575226, 0.0114 
2893.936157464981, 0.0114 
2895.5366966724396, 0.0114 
2897.1332342624664, 0.0112 
2898.7367737293243, 0.0112 
2900.330311059952, 0.0112 
2901.928850412369, 0.0112 
2903.5263884067535, 0.0112 
2905.132929086685, 0.0112 
2906.7294676303864, 0.0112 
2908.324777364731, 0.0112 
2909.924019575119, 0.0112 
2911.518260717392, 0.0112 
2913.1235032081604, 0.0112 
2914.720744371414, 0.0112 
2916.3119847774506, 0.0112 
2917.9172275066376, 0.0112 
2919.5164687633514, 0.0112 
2921.1117100715637, 0.0112 
2922.708950996399, 0.0112 
2924.3061928749084, 0.0112 
2925.901433944702, 0.0112 
2927.501675605774, 0.0112 
2929.1019172668457, 0.0111 
2930.704159259796, 0.0112 
2932.298400402069, 0.0112 
2933.89564204216, 0.0112 
2935.495883703232, 0.0112 
2937.0931253433228, 0.0111 
2938.6873664855957, 0.0112 
2940.291608810425, 0.0112 
2941.890851020813, 0.0112 
2943.4830915927887, 0.0112 
2945.0883343219757, 0.0112 
2946.68257522583, 0.0112 
2948.280817270279, 0.0112 
2949.875058412552, 0.0112 
2951.4803009033203, 0.0112 
2953.0745420455933, 0.0112 
2954.674784421921, 0.0112 
2956.270025730133, 0.0112 
2957.8692679405212, 0.0112 
2959.468509912491, 0.0111 
2961.065751552582, 0.0111 
2962.660992860794, 0.0111 
2964.261234998703, 0.0111 
2965.8584768772125, 0.0111 
2967.4597194194794, 0.0111 
2969.051960706711, 0.0111 
2970.651202917099, 0.011 
2972.2494447231293, 0.0111 
2973.846687078476, 0.0111 
2975.446929693222, 0.0111 
2977.0511717796326, 0.011 
2978.642413854599, 0.011 
2980.246656894684, 0.0111 
2981.8458988666534, 0.011 
2983.4381403923035, 0.0111 
2985.0393829345703, 0.011 
2986.641625404358, 0.0111 
2988.2358672618866, 0.011 
2989.8281095027924, 0.0111 
2991.431352376938, 0.011 
2993.033595085144, 0.0111 
2994.6278369426727, 0.011 
2996.222078561783, 0.011 
2997.8193209171295, 0.011 
2999.426564693451, 0.011 
3001.0198063850403, 0.011 
3002.614048242569, 0.0111 
3004.2132909297943, 0.0111 
3005.8095331192017, 0.0111 
3007.4107756614685, 0.011 
3009.007017850876, 0.011 
3010.6042602062225, 0.011 
3012.208503484726, 0.0111 
3013.8017451763153, 0.011 
3015.4039883613586, 0.0111 
3017.0012307167053, 0.011 
3018.5994732379913, 0.011 
3020.1947152614594, 0.011 
3021.791957616806, 0.011 
3023.397201061249, 0.011 
3024.992443084717, 0.011 
3026.591685771942, 0.011 
3028.1879279613495, 0.011 
3029.7831707000732, 0.011 
3031.384413957596, 0.011 
3032.9866573810577, 0.011 
3034.5829010009766, 0.011 
3036.176143169403, 0.011 
3037.778386592865, 0.011 
3039.3726291656494, 0.0111 
3040.9748725891113, 0.0111 
3042.5721156597137, 0.011 
3044.1673583984375, 0.011 
3045.7686014175415, 0.011 
3047.362843990326, 0.011 
3048.96208691597, 0.011 
3050.5653302669525, 0.011 
3052.1585726737976, 0.011 
3053.7608160972595, 0.011 
3055.3600590229034, 0.011 
3056.95330119133, 0.011 
3058.55654501915, 0.011 
3060.1517889499664, 0.011 
3061.7450318336487, 0.011 
3063.3472759723663, 0.0111 
3064.9395196437836, 0.011 
3066.5397646427155, 0.011 
3068.13600897789, 0.011 
3069.7352545261383, 0.0111 
3071.338499546051, 0.011 
3072.9327421188354, 0.011 
3074.5359864234924, 0.011 
3076.1302297115326, 0.011 
3078.0475170612335, 0.0111 
3079.646761417389, 0.011 
3081.2510058879852, 0.011 
3082.840249300003, 0.011 
3084.444495201111, 0.0111 
3086.0407395362854, 0.0111 
3087.634984970093, 0.011 
3089.2392308712006, 0.011 
3090.837474822998, 0.011 
3092.7577633857727, 0.011 
3094.670051574707, 0.011 
3096.2672958374023, 0.011 
3097.8625395298004, 0.011 
3099.4687843322754, 0.011 
3101.0650284290314, 0.011 
3102.663273334503, 0.011 
3104.255516767502, 0.011 
3105.858761548996, 0.0111 
3107.457005739212, 0.011 
3109.0512511730194, 0.011 
3110.656496524811, 0.011 
3112.2457399368286, 0.011 
3113.8439860343933, 0.011 
3115.4462308883667, 0.011 
3117.0494768619537, 0.011 
3118.6467220783234, 0.011 
3120.2409665584564, 0.0111 
3121.8382110595703, 0.011 
3123.75550198555, 0.011 
3125.3497450351715, 0.0111 
3126.9509904384613, 0.011 
3128.551234960556, 0.011 
3130.1464791297913, 0.011 
3131.749724149704, 0.011 
3133.345967531204, 0.011 
3134.942211151123, 0.011 
3137.8176939487457, 0.011 
3139.421938419342, 0.0111 
3141.017181634903, 0.011 
3142.6094245910645, 0.0111 
3144.2136690616608, 0.0111 
3145.8049116134644, 0.011 
3147.4081559181213, 0.011 
3149.001399040222, 0.011 
3150.607643842697, 0.011 
3152.19988656044, 0.011 
3153.803130865097, 0.0111 
3155.399374485016, 0.011 
3156.9976184368134, 0.011 
3158.5948622226715, 0.0111 
3160.194106578827, 0.011 
3161.792350292206, 0.011 
3163.391594648361, 0.011 
3164.982839345932, 0.011 
3166.5840837955475, 0.011 
3168.5033886432648, 0.011 
3170.103658914566, 0.011 
3171.6949021816254, 0.011 
3173.2951788902283, 0.0111 
3175.2124865055084, 0.011 
3177.112810611725, 0.011 
3178.7260591983795, 0.011 
3180.3243029117584, 0.011 
3181.9295485019684, 0.011 
3183.521791934967, 0.011 
3185.1240367889404, 0.011 
