# tiempo [s], press [mBar] 
0.0, 0.0253 
1.2715084552764893, 0.0253 
2.554021120071411, 0.0253 
3.836534023284912, 0.0253 
5.110043048858643, 0.0253 
6.3925559520721436, 0.0253 
7.665064811706543, 0.0657 
8.947577476501465, 0.0674 
10.231091022491455, 0.0674 
11.503599643707275, 165.0 
12.786112546920776, 356.0 
14.068625211715698, 17.6 
15.341134071350098, 7.34 
16.62364673614502, 4.25 
17.89615559577942, 2.69 
19.17866849899292, 1.94 
20.461181163787842, 1.45 
21.73369002342224, 1.11 
23.016202688217163, 0.905 
24.299715995788574, 0.744 
25.572224617004395, 0.629 
26.854737520217896, 0.552 
28.137250423431396, 0.482 
29.391752004623413, 0.424 
30.678266286849976, 0.382 
31.97878646850586, 0.344 
33.25129508972168, 0.31 
34.53380799293518, 0.278 
35.8083176612854, 0.26 
37.09083032608032, 0.243 
38.36333918571472, 0.227 
39.64585208892822, 0.213 
40.928364753723145, 0.2 
42.200873613357544, 0.188 
43.484386682510376, 0.174 
44.767900228500366, 0.165 
46.04040884971619, 0.155 
47.32292175292969, 0.148 
48.59543037414551, 0.14 
49.87894368171692, 0.132 
51.16145634651184, 0.124 
52.43396520614624, 0.117 
53.71647787094116, 0.113 
54.99999117851257, 0.109 
56.27250003814697, 0.106 
57.555012941360474, 0.103 
58.828521966934204, 0.0994 
60.111034870147705, 0.0962 
61.39354753494263, 0.0939 
62.666056394577026, 0.0907 
63.94856929779053, 0.0881 
65.23208236694336, 0.0855 
66.50459122657776, 0.0835 
67.78710389137268, 0.0809 
69.05961298942566, 0.078 
70.34212565422058, 0.0751 
71.6246383190155, 0.073 
72.8971471786499, 0.0709 
74.1796600818634, 0.0693 
75.4621729850769, 0.0674 
76.73468160629272, 0.0655 
78.01719450950623, 0.0645 
79.29970717430115, 0.063 
80.57221603393555, 0.0612 
81.85472893714905, 0.0599 
83.13724160194397, 0.0589 
84.40975046157837, 0.0572 
85.69226312637329, 0.0562 
86.97477602958679, 0.0549 
88.24728465080261, 0.0537 
89.52979755401611, 0.0526 
90.81231045722961, 0.0518 
92.08481907844543, 0.0512 
93.36733198165894, 0.0499 
94.64984464645386, 0.0489 
95.92235374450684, 0.0481 
97.20486640930176, 0.0475 
98.48737907409668, 0.0472 
99.76088833808899, 0.0467 
101.04340124130249, 0.046 
102.31591010093689, 0.0455 
103.59842276573181, 0.0452 
104.88093566894531, 0.0445 
106.1594467163086, 0.0441 
107.4419596195221, 0.0437 
108.71446824073792, 0.0432 
109.99698114395142, 0.0431 
111.26949000358582, 0.0425 
112.55200266838074, 0.0425 
113.83451557159424, 0.042 
115.10702443122864, 0.0417 
116.38953733444214, 0.0414 
117.67204999923706, 0.041 
118.94555926322937, 0.0404 
120.22807192802429, 0.0404 
121.5105848312378, 0.0404 
122.78309369087219, 0.0397 
124.06560635566711, 0.0396 
125.34911966323853, 0.0397 
126.62162828445435, 0.0389 
127.90414118766785, 0.0388 
129.18665385246277, 0.0389 
130.45916295051575, 0.0382 
131.7416753768921, 0.0381 
133.0241882801056, 0.0382 
134.29669737815857, 0.0377 
135.5792100429535, 0.0374 
136.861722946167, 0.0376 
138.13420844078064, 0.0376 
139.41645288467407, 0.037 
140.69869709014893, 0.0369 
141.97394037246704, 0.0369 
143.25618481636047, 0.0369 
144.52842712402344, 0.0364 
145.81067156791687, 0.0362 
147.09291625022888, 0.0362 
148.36515855789185, 0.0362 
149.64740300178528, 0.0362 
150.91964530944824, 0.0362 
152.20188999176025, 0.0361 
153.4841344356537, 0.0356 
154.75637674331665, 0.0354 
156.03862118721008, 0.0354 
157.32086539268494, 0.0354 
158.59310817718506, 0.0356 
159.8753526210785, 0.0353 
161.15759682655334, 0.0349 
162.4298393726349, 0.0348 
163.71208381652832, 0.0348 
164.99432826042175, 0.0348 
166.2665708065033, 0.0349 
167.54881501197815, 0.0349 
168.83105945587158, 0.0348 
170.10330200195312, 0.0344 
171.38554644584656, 0.0341 
172.66779088974, 0.0342 
173.94103336334229, 0.0341 
175.22327780723572, 0.0341 
176.5075228214264, 0.0341 
177.77976512908936, 0.0341 
179.0620095729828, 0.0341 
180.33425188064575, 0.0341 
181.61649656295776, 0.0341 
182.8987410068512, 0.0341 
184.17098331451416, 0.0341 
185.4532277584076, 0.0338 
186.73547220230103, 0.0334 
188.00771474838257, 0.0334 
189.289959192276, 0.0334 
190.57220339775085, 0.0333 
191.8444459438324, 0.0334 
193.1266906261444, 0.0334 
194.40893483161926, 0.033 
195.6811773777008, 0.0328 
196.96342158317566, 0.0328 
198.2456660270691, 0.0326 
199.5179088115692, 0.0326 
200.80015301704407, 0.0326 
202.0823974609375, 0.0326 
203.35463976860046, 0.0326 
204.6368842124939, 0.0322 
205.9191288948059, 0.0321 
207.19137120246887, 0.032 
208.4736156463623, 0.032 
209.75585985183716, 0.032 
211.02810263633728, 0.032 
212.31734824180603, 0.0318 
213.58959078788757, 0.0314 
214.87183499336243, 0.0313 
216.14407777786255, 0.0313 
217.42632222175598, 0.0313 
218.70856642723083, 0.0313 
219.98080897331238, 0.0313 
221.2630534172058, 0.0313 
222.54529786109924, 0.0313 
223.8175404071808, 0.0314 
225.09978461265564, 0.0313 
226.38202905654907, 0.0313 
227.65427160263062, 0.0313 
228.93651604652405, 0.0313 
230.21876049041748, 0.0313 
231.49100279808044, 0.0312 
232.77324724197388, 0.0309 
234.0554919242859, 0.0307 
235.32773423194885, 0.0307 
236.60997867584229, 0.0307 
237.89222288131714, 0.0307 
239.1654658317566, 0.0307 
240.44771027565002, 0.0307 
241.719952583313, 0.0306 
243.00219702720642, 0.0302 
244.28444123268127, 0.0302 
245.5566840171814, 0.0302 
246.83892846107483, 0.0302 
248.12317299842834, 0.0302 
249.3954155445099, 0.0302 
250.6776602268219, 0.0302 
251.94990253448486, 0.0302 
253.23314714431763, 0.0302 
254.51539134979248, 0.0302 
255.78763389587402, 0.0302 
257.06987857818604, 0.0302 
258.3521227836609, 0.0302 
259.62436532974243, 0.0301 
260.9066095352173, 0.0298 
262.1788523197174, 0.0297 
263.46109676361084, 0.0297 
264.7433409690857, 0.0297 
266.01558351516724, 0.0297 
267.29982829093933, 0.0298 
268.58207273483276, 0.0297 
269.8543152809143, 0.0298 
271.13655948638916, 0.0297 
272.4088020324707, 0.0297 
273.6910467147827, 0.0297 
274.973876953125, 0.0297 
276.24764227867126, 0.0297 
277.52940607070923, 0.0298 
278.8021719455719, 0.0296 
280.08393573760986, 0.0295 
281.36669921875, 0.0294 
282.6224682331085, 0.0293 
283.91723012924194, 0.0293 
285.2019934654236, 0.0293 
286.47775864601135, 0.0293 
287.7575237751007, 0.0293 
289.02928948402405, 0.0293 
290.3080544471741, 0.0293 
291.5848197937012, 0.0293 
292.86858320236206, 0.0293 
294.1403489112854, 0.0293 
295.4191138744354, 0.0293 
296.70087790489197, 0.0293 
297.9776430130005, 0.0293 
299.2574076652527, 0.0292 
300.5331733226776, 0.0292 
301.81193804740906, 0.029 
303.0987014770508, 0.0289 
304.3754668235779, 0.0289 
305.6552314758301, 0.029 
306.9319965839386, 0.0289 
308.2067623138428, 0.0289 
309.4895257949829, 0.0289 
310.7672908306122, 0.0289 
312.0370578765869, 0.0289 
313.3248209953308, 0.0289 
314.5935878753662, 0.0289 
315.8773512840271, 0.0289 
317.15711641311646, 0.0289 
318.43688106536865, 0.0289 
319.7106468677521, 0.0289 
320.9874119758606, 0.0289 
322.27217531204224, 0.0289 
323.551940202713, 0.0289 
324.8247060775757, 0.0288 
326.10047125816345, 0.0288 
327.38423466682434, 0.0287 
328.6590003967285, 0.0287 
329.94176387786865, 0.0287 
331.2205288410187, 0.0284 
332.4952943325043, 0.0284 
333.77905797958374, 0.0284 
335.05582308769226, 0.0284 
336.33358812332153, 0.0284 
337.6093535423279, 0.0284 
338.88711857795715, 0.0284 
340.1638836860657, 0.0284 
341.44564867019653, 0.0284 
342.7194149494171, 0.0284 
344.0011796951294, 0.0284 
345.2799446582794, 0.0284 
346.55471110343933, 0.0284 
347.8374755382538, 0.0284 
349.11824011802673, 0.0284 
350.3890070915222, 0.0284 
351.66977167129517, 0.0284 
352.951536655426, 0.0284 
354.23730063438416, 0.0284 
355.5010690689087, 0.0284 
356.7838337421417, 0.0283 
358.06459856033325, 0.0281 
359.3453633785248, 0.028 
360.6181299686432, 0.0279 
361.8998944759369, 0.028 
363.1726610660553, 0.0279 
364.458425283432, 0.0279 
365.7311918735504, 0.0279 
367.00595808029175, 0.0279 
368.28972268104553, 0.028 
369.56448888778687, 0.028 
370.8472535610199, 0.028 
372.1210198402405, 0.0279 
373.40678429603577, 0.0279 
374.6845500469208, 0.028 
375.9593164920807, 0.028 
377.24208092689514, 0.0279 
378.5158474445343, 0.0279 
379.7916135787964, 0.0279 
381.0763781070709, 0.0279 
382.34714579582214, 0.0278 
383.63291001319885, 0.0278 
384.9036777019501, 0.0276 
386.18244338035583, 0.0276 
387.4622092247009, 0.0276 
388.7389762401581, 0.0276 
390.0267405509949, 0.0276 
391.30350637435913, 0.0276 
392.58227252960205, 0.0276 
393.85204005241394, 0.0276 
395.1308059692383, 0.0276 
396.4125716686249, 0.0276 
397.6903374195099, 0.0276 
398.9691035747528, 0.0276 
400.2508692741394, 0.0276 
401.52363634109497, 0.0276 
402.80540204048157, 0.0276 
404.0841679573059, 0.0276 
405.35893535614014, 0.0276 
406.64070081710815, 0.0276 
407.9234662055969, 0.0276 
409.19423389434814, 0.0276 
410.4789981842041, 0.0276 
411.7497658729553, 0.0276 
413.0375301837921, 0.0275 
414.307297706604, 0.0273 
415.5850636959076, 0.0272 
416.8648293018341, 0.0272 
418.1465950012207, 0.0272 
419.4253611564636, 0.0272 
420.70612692832947, 0.0272 
421.9778940677643, 0.0272 
423.25766015052795, 0.0272 
424.53542590141296, 0.0272 
425.81519174575806, 0.0271 
427.09695744514465, 0.0272 
428.3697249889374, 0.0272 
429.64649176597595, 0.0272 
430.93125796318054, 0.0272 
432.20502519607544, 0.0272 
433.48679089546204, 0.0272 
434.76655673980713, 0.0272 
436.04232382774353, 0.0272 
437.3160910606384, 0.0272 
438.597856760025, 0.0272 
439.8806223869324, 0.0272 
441.15538930892944, 0.0272 
442.43715500831604, 0.0272 
443.7059237957001, 0.0272 
444.98868918418884, 0.0272 
446.2624566555023, 0.0271 
447.5452220439911, 0.0269 
448.82798743247986, 0.0269 
450.1027548313141, 0.0269 
451.376522064209, 0.0267 
452.65528869628906, 0.0267 
453.9320557117462, 0.0267 
455.21682119369507, 0.0267 
456.49558782577515, 0.0266 
457.76835536956787, 0.0267 
459.0541203022003, 0.0267 
460.32889676094055, 0.0267 
461.6036639213562, 0.0267 
462.8814308643341, 0.027 
464.1681957244873, 0.0276 
465.44496273994446, 0.0276 
466.7177312374115, 0.0276 
467.99949765205383, 0.0276 
469.27726459503174, 0.0276 
470.55703139305115, 0.0273 
471.82879972457886, 0.0272 
473.109566450119, 0.0272 
474.3863334655762, 0.0272 
475.66510009765625, 0.0272 
476.94686675071716, 0.0272 
478.2266330718994, 0.0272 
479.5024013519287, 0.0272 
480.7821681499481, 0.0272 
482.0629343986511, 0.0272 
483.3347029685974, 0.0272 
484.62046933174133, 0.0272 
485.8962371349335, 0.0272 
487.17900371551514, 0.0272 
488.4497718811035, 0.0272 
489.73353838920593, 0.0272 
491.00730657577515, 0.0272 
492.29007291793823, 0.0272 
493.5648410320282, 0.0272 
494.8466076850891, 0.0272 
496.123375415802, 0.0272 
497.3991434574127, 0.0272 
498.67691135406494, 0.0272 
499.9626772403717, 0.0272 
501.2384452819824, 0.0272 
502.5132133960724, 0.0272 
503.7889814376831, 0.0272 
505.07474756240845, 0.0272 
506.34951663017273, 0.0272 
507.6272842884064, 0.0272 
508.90205240249634, 0.0272 
510.17982029914856, 0.0272 
511.4655864238739, 0.0272 
512.741354227066, 0.0272 
514.0191221237183, 0.0272 
515.294890165329, 0.0272 
516.5756576061249, 0.0272 
517.8544254302979, 0.0271 
519.1361927986145, 0.0272 
520.4089620113373, 0.0272 
521.6867296695709, 0.0272 
522.9654972553253, 0.0272 
524.2462646961212, 0.0272 
525.524032831192, 0.0272 
526.8028004169464, 0.0272 
528.0845677852631, 0.0272 
529.3573369979858, 0.0272 
530.6381044387817, 0.0272 
531.9238715171814, 0.0272 
533.1936409473419, 0.0272 
534.4754083156586, 0.0272 
535.7551758289337, 0.0272 
537.0259454250336, 0.0272 
538.3057131767273, 0.0272 
539.5884802341461, 0.0274 
540.8622493743896, 0.0273 
542.1480164527893, 0.0275 
543.4197857379913, 0.0276 
544.7045528888702, 0.0276 
545.9793217182159, 0.0276 
547.2620892524719, 0.0276 
548.5378580093384, 0.0276 
549.8146266937256, 0.0276 
551.0903956890106, 0.0276 
552.3681643009186, 0.0276 
553.6529314517975, 0.0276 
554.9287004470825, 0.0276 
556.2064690589905, 0.0276 
557.4812378883362, 0.0276 
558.7690050601959, 0.0276 
560.0447738170624, 0.0276 
561.3205437660217, 0.0276 
562.5953125953674, 0.0276 
563.8770809173584, 0.0276 
565.1548495292664, 0.0278 
566.4306185245514, 0.0279 
567.7103869915009, 0.028 
568.9951541423798, 0.0279 
570.271922826767, 0.0279 
571.5506916046143, 0.028 
572.826461315155, 0.0279 
574.1072700023651, 0.0279 
575.3882241249084, 0.028 
576.6671781539917, 0.0279 
577.9361326694489, 0.0279 
579.2160863876343, 0.028 
580.4970405101776, 0.028 
581.7789945602417, 0.0282 
583.0529489517212, 0.0284 
584.3349030017853, 0.0284 
585.607857465744, 0.0284 
586.8888115882874, 0.0284 
588.1707656383514, 0.0284 
589.4447197914124, 0.0284 
590.7276737689972, 0.0284 
592.0016281604767, 0.0284 
593.2835822105408, 0.0284 
594.5675361156464, 0.0286 
595.8424906730652, 0.0288 
597.1154448986053, 0.0287 
598.4003989696503, 0.0289 
599.6743533611298, 0.0295 
600.9583072662354, 0.0302 
602.2342617511749, 0.0302 
603.5162162780762, 0.0302 
604.7921707630157, 0.0302 
606.0651249885559, 0.03 
607.3510792255402, 0.0302 
608.6270332336426, 0.0302 
609.9009878635406, 0.0302 
611.1819422245026, 0.0302 
612.4578967094421, 0.0302 
613.7438507080078, 0.0302 
615.0228049755096, 0.0302 
616.30175948143, 0.0302 
617.5767142772675, 0.0302 
618.8546686172485, 0.0302 
620.135623216629, 0.0302 
621.4135775566101, 0.0302 
622.6935319900513, 0.0302 
623.9654865264893, 0.0302 
625.2434413433075, 0.0302 
626.5253958702087, 0.0302 
627.8043501377106, 0.0302 
629.0853044986725, 0.0302 
630.3582594394684, 0.0302 
631.6392138004303, 0.0302 
632.9141683578491, 0.0302 
634.2011222839355, 0.0303 
635.4790766239166, 0.0306 
636.7530314922333, 0.0307 
638.0349857807159, 0.0307 
639.3099408149719, 0.0307 
640.5908951759338, 0.0325 
641.8718495368958, 0.0328 
643.1518039703369, 0.0328 
644.4217586517334, 0.0326 
645.7017130851746, 0.0328 
646.9856672286987, 0.0328 
648.2576222419739, 0.0328 
649.5395765304565, 0.0328 
650.816531419754, 0.0326 
652.1004858016968, 0.0328 
653.3724405765533, 0.0328 
654.6573948860168, 0.0326 
655.9313497543335, 0.0326 
657.2143042087555, 0.0326 
658.4882590770721, 0.0328 
659.7712135314941, 0.0328 
661.0451681613922, 0.0326 
662.321123123169, 0.0328 
663.6060774326324, 0.034 
664.8810322284698, 0.0348 
666.1579871177673, 0.0348 
667.4369418621063, 0.0341 
668.7158966064453, 0.0341 
669.9968514442444, 0.0342 
671.2778062820435, 0.0341 
672.5557610988617, 0.0341 
673.8327157497406, 0.0341 
675.1096711158752, 0.0341 
676.3866257667542, 0.0341 
677.6645805835724, 0.0354 
678.9445354938507, 0.0354 
680.2254900932312, 0.0354 
681.5004453659058, 0.0356 
682.7814002037048, 0.0356 
684.0613548755646, 0.0354 
685.3413100242615, 0.0354 
686.624264717102, 0.0356 
687.8972198963165, 0.0356 
689.1731750965118, 0.0354 
690.4561297893524, 0.0358 
691.731085062027, 0.0369 
693.0150396823883, 0.037 
694.2899949550629, 0.0365 
695.5719497203827, 0.0362 
696.8459050655365, 0.0362 
698.1278598308563, 0.0366 
699.4058151245117, 0.0381 
700.6867699623108, 0.0376 
701.9597251415253, 0.0376 
703.2446799278259, 0.0376 
704.521635055542, 0.0376 
705.7955901622772, 0.0374 
707.0715453624725, 0.0388 
708.3565001487732, 0.0389 
709.6364552974701, 0.0382 
710.9144115447998, 0.0382 
712.1933665275574, 0.0382 
713.4693217277527, 0.0386 
714.7472770214081, 0.0396 
716.027232170105, 0.0396 
717.3001873493195, 0.0396 
718.5871422290802, 0.039 
719.8640975952148, 0.0394 
721.1430525779724, 0.0404 
722.420007944107, 0.0402 
723.6989629268646, 0.0404 
724.9759182929993, 0.0404 
726.2538733482361, 0.0409 
727.5308284759521, 0.0412 
728.8087837696075, 0.041 
730.088739156723, 0.041 
731.3656942844391, 0.041 
732.6506493091583, 0.0424 
733.9306044578552, 0.0425 
735.2025601863861, 0.0422 
736.482515335083, 0.0425 
737.7654707431793, 0.0437 
739.0354263782501, 0.0439 
740.323380947113, 0.0439 
741.5943367481232, 0.0439 
742.8752918243408, 0.0432 
744.1492474079132, 0.044 
745.4312024116516, 0.0445 
746.7141578197479, 0.0445 
747.9881134033203, 0.0445 
749.2700686454773, 0.0443 
750.5430240631104, 0.0452 
751.8289794921875, 0.0452 
753.1019351482391, 0.0452 
754.3838901519775, 0.0455 
755.65984582901, 0.0459 
756.9348013401031, 0.046 
758.2177567481995, 0.0459 
759.4917123317719, 0.0465 
760.7746675014496, 0.0467 
762.048623085022, 0.0467 
763.3315784931183, 0.0464 
764.6105341911316, 0.0473 
765.8864898681641, 0.0472 
767.1704449653625, 0.0467 
768.4494004249573, 0.0479 
769.7263562679291, 0.0481 
771.0013117790222, 0.0481 
772.2792673110962, 0.0473 
773.5592229366302, 0.0487 
774.8391788005829, 0.0489 
776.1171343326569, 0.0489 
777.3960897922516, 0.0483 
778.677045583725, 0.0499 
779.9560010433197, 0.0501 
781.2369565963745, 0.0499 
782.5079126358032, 0.0499 
783.7888684272766, 0.0512 
785.0618243217468, 0.0501 
786.3407797813416, 0.0501 
787.6217353343964, 0.0501 
788.9006907939911, 0.0522 
790.1816465854645, 0.0522 
791.4606022834778, 0.0522 
792.7405579090118, 0.0524 
794.0125138759613, 0.0533 
795.2934694290161, 0.0535 
796.5694253444672, 0.0533 
797.8493809700012, 0.0533 
799.1253371238708, 0.0543 
800.4082925319672, 0.0555 
801.691248178482, 0.0555 
802.9632043838501, 0.0555 
804.2431597709656, 0.0564 
805.5191156864166, 0.0576 
806.8030714988708, 0.0576 
808.0780274868011, 0.0576 
809.3609828948975, 0.0576 
810.6359391212463, 0.0597 
811.9188945293427, 0.0599 
813.193850517273, 0.0599 
814.4738066196442, 0.0599 
815.7477626800537, 0.061 
817.0337183475494, 0.0614 
818.307674407959, 0.061 
819.5896298885345, 0.061 
820.861585855484, 0.0626 
822.146541595459, 0.0624 
823.42249751091, 0.062 
824.7024528980255, 0.0628 
825.9754090309143, 0.0632 
827.2533650398254, 0.0632 
828.5383205413818, 0.0637 
829.811276435852, 0.0643 
831.0972321033478, 0.0643 
832.3731882572174, 0.0643 
833.6471440792084, 0.0643 
834.9300999641418, 0.0643 
836.2070558071136, 0.0643 
837.482011795044, 0.0643 
838.7639677524567, 0.0643 
840.0399239063263, 0.0653 
841.3178796768188, 0.0653 
842.6018354892731, 0.073 
843.8777914047241, 0.0839 
845.1617469787598, 0.0923 
846.4367029666901, 0.0965 
847.7136590480804, 0.101 
848.9936151504517, 0.101 
850.2695710659027, 0.1 
851.5535264015198, 0.102 
852.829482793808, 0.102 
854.1094386577606, 0.103 
855.3843946456909, 0.104 
856.662350654602, 0.105 
857.9483060836792, 0.104 
859.2242619991302, 0.102 
860.5032181739807, 0.102 
861.7831740379333, 0.0994 
863.05513048172, 0.0968 
864.3350865840912, 0.0965 
865.6130425930023, 0.0942 
866.8919987678528, 0.0936 
868.1719546318054, 0.0907 
869.4459109306335, 0.092 
870.7278671264648, 0.0933 
872.0118231773376, 0.0923 
873.2817795276642, 0.092 
874.5607793331146, 0.0907 
875.8418192863464, 0.0894 
877.1238594055176, 0.0887 
878.3978996276855, 0.0874 
879.6749401092529, 0.0861 
880.9599807262421, 0.0852 
882.2390205860138, 0.0839 
883.5110607147217, 0.0826 
884.7961010932922, 0.0822 
886.0771412849426, 0.0803 
887.3491811752319, 0.0793 
888.6262218952179, 0.0774 
889.916262626648, 0.0761 
891.1913032531738, 0.0745 
892.4673433303833, 0.0734 
893.7433838844299, 0.072 
895.0214242935181, 0.0709 
896.3054647445679, 0.0703 
897.5805051326752, 0.0697 
898.864545583725, 0.0686 
900.1385865211487, 0.0676 
901.4166271686554, 0.0666 
902.692667722702, 0.0661 
903.9707081317902, 0.0653 
905.2557485103607, 0.0645 
906.5327892303467, 0.0643 
907.8098297119141, 0.063 
909.0868699550629, 0.0628 
910.3649108409882, 0.062 
911.6459517478943, 0.0612 
912.9269926548004, 0.0605 
914.2060332298279, 0.0599 
915.4770739078522, 0.0589 
916.762115240097, 0.0587 
918.0421559810638, 0.0578 
919.3201966285706, 0.0578 
920.6002376079559, 0.0568 
921.8702781200409, 0.0568 
923.1523189544678, 0.0568 
924.4333598613739, 0.0555 
925.7104012966156, 0.0555 
926.9924423694611, 0.0545 
928.2644829750061, 0.0543 
929.5515246391296, 0.0541 
930.8225650787354, 0.0533 
932.1036062240601, 0.0535 
933.3846471309662, 0.0522 
934.66068816185, 0.0522 
935.9447293281555, 0.0522 
937.2167711257935, 0.0518 
938.495813369751, 0.0512 
939.7758548259735, 0.0512 
941.0548963546753, 0.051 
942.3329377174377, 0.0501 
943.6139795780182, 0.0501 
944.8910222053528, 0.0501 
946.1670641899109, 0.0499 
947.4501056671143, 0.0491 
948.7301471233368, 0.0489 
950.0041890144348, 0.0491 
951.2832305431366, 0.0489 
952.5642721652985, 0.0483 
953.8463153839111, 0.0481 
955.1243577003479, 0.0481 
956.3943991661072, 0.0481 
957.6744406223297, 0.0483 
958.9544823169708, 0.0473 
960.2305243015289, 0.0473 
961.5115661621094, 0.0473 
962.7926077842712, 0.0473 
964.0746495723724, 0.0473 
965.3536911010742, 0.0468 
966.6297330856323, 0.0465 
967.9037756919861, 0.0465 
969.1858172416687, 0.0467 
970.4598591327667, 0.0467 
971.7469007968903, 0.0467 
973.0199422836304, 0.046 
974.2979848384857, 0.0459 
975.5760269165039, 0.0459 
976.8570685386658, 0.0459 
978.1361107826233, 0.0459 
979.4151530265808, 0.0459 
980.6941955089569, 0.0453 
981.9672379493713, 0.0452 
983.2492804527283, 0.0452 
984.5253224372864, 0.0452 
985.8103647232056, 0.0452 
987.0844073295593, 0.0452 
988.3684492111206, 0.0452 
989.6414909362793, 0.0452 
990.9265329837799, 0.0452 
992.1995754241943, 0.0452 
993.4826183319092, 0.0445 
994.7606611251831, 0.0445 
996.0397036075592, 0.0445 
997.3177456855774, 0.0445 
998.5937876701355, 0.0445 
999.8698296546936, 0.0445 
1001.1498720645905, 0.0445 
1002.4259147644043, 0.0439 
1003.7059574127197, 0.0437 
1004.9859998226166, 0.0437 
1006.2670421600342, 0.0437 
1007.8630928993225, 0.0439 
1009.1441354751587, 0.0437 
1010.419177532196, 0.0437 
1011.6982204914093, 0.0437 
1012.9812648296356, 0.0433 
1014.2613070011139, 0.0432 
1015.5353498458862, 0.0431 
1016.813392162323, 0.0431 
1018.0894348621368, 0.0431 
1019.3714783191681, 0.0431 
1020.6515207290649, 0.0431 
1021.9295628070831, 0.0426 
1023.2066056728363, 0.0424 
1024.4896483421326, 0.0424 
1026.08269906044, 0.0424 
1027.3687417507172, 0.0425 
1028.6437847614288, 0.0424 
1029.9168272018433, 0.0424 
1031.1978702545166, 0.0417 
1032.4829132556915, 0.0417 
1033.7589569091797, 0.0417 
1035.0320003032684, 0.0417 
1036.3160429000854, 0.0413 
1037.5910856723785, 0.041 
1038.873128414154, 0.041 
1040.1481709480286, 0.041 
1041.4262142181396, 0.0404 
1042.7102575302124, 0.0402 
1043.9903016090393, 0.0402 
1045.2663443088531, 0.0402 
1046.5423872470856, 0.0397 
1047.8184306621552, 0.0396 
1049.096474647522, 0.039 
1050.3805181980133, 0.0389 
1051.660561323166, 0.0388 
1052.9376051425934, 0.0382 
1054.2116484642029, 0.0382 
1055.4926919937134, 0.0376 
1056.7727348804474, 0.0374 
1058.0557792186737, 0.0372 
1059.3338224887848, 0.0369 
1060.6098659038544, 0.0366 
1061.8849096298218, 0.0362 
1063.1629524230957, 0.0362 
1064.4449949264526, 0.0358 
1065.7180383205414, 0.0354 
1067.000081539154, 0.0354 
1068.2821249961853, 0.0349 
1069.567168712616, 0.0348 
1070.8402121067047, 0.0342 
1072.1202561855316, 0.0341 
1073.7153067588806, 0.0336 
1074.9933505058289, 0.0333 
1076.2733938694, 0.0328 
1077.5514376163483, 0.0321 
1078.8274812698364, 0.032 
1080.1065244674683, 0.0312 
1081.3815677165985, 0.0307 
1082.6676115989685, 0.0302 
1083.944655418396, 0.0297 
1085.5407059192657, 0.0292 
1086.823750257492, 0.0289 
1088.0937933921814, 0.0283 
1089.373836517334, 0.0278 
1090.6518805027008, 0.0276 
1091.9349238872528, 0.0272 
1093.2159678936005, 0.0267 
1094.8160190582275, 0.0262 
1096.095062971115, 0.0258 
1097.3701066970825, 0.0252 
1098.6441507339478, 0.0248 
1099.9241948127747, 0.0245 
1101.527251958847, 0.024 
1103.1243028640747, 0.0235 
1104.3953466415405, 0.0231 
1106.0023987293243, 0.0227 
1107.5984494686127, 0.022 
1108.8714935779572, 0.0217 
1110.1555378437042, 0.0214 
1111.7515895366669, 0.0209 
1113.3496403694153, 0.0204 
1114.6316847801208, 0.0202 
1115.903728723526, 0.0198 
1117.182773590088, 0.0196 
1118.4608170986176, 0.0194 
1120.061868429184, 0.0192 
1121.3379120826721, 0.019 
1122.6239559650421, 0.0188 
1123.9019994735718, 0.0187 
1125.1820435523987, 0.0186 
1126.773094177246, 0.0184 
1128.3711457252502, 0.0182 
1129.9681968688965, 0.0179 
1131.2532413005829, 0.0179 
1132.8502922058105, 0.0176 
1134.4453437328339, 0.0174 
1135.7243876457214, 0.0173 
1137.3234386444092, 0.017 
1138.9244899749756, 0.017 
1140.521541595459, 0.0167 
1142.1135928630829, 0.0167 
1143.7126438617706, 0.0164 
1145.311695098877, 0.0164 
1146.9107468128204, 0.0162 
1148.5107979774475, 0.0162 
1149.7828421592712, 0.0161 
1151.3848934173584, 0.0158 
1152.9849445819855, 0.0158 
1154.5809962749481, 0.0158 
1156.1790480613708, 0.0156 
1157.7760989665985, 0.0155 
1159.3721516132355, 0.0153 
1160.9722027778625, 0.0153 
1162.5672540664673, 0.015 
1164.1683061122894, 0.015 
1165.7703576087952, 0.015 
1167.3644082546234, 0.015 
1168.961459159851, 0.0147 
1170.562510251999, 0.0147 
1172.1575617790222, 0.0148 
1173.7566139698029, 0.0146 
1175.3407146930695, 0.0144 
1176.9698596000671, 0.0144 
1178.5569376945496, 0.0144 
1180.1570162773132, 0.0144 
1181.7281241416931, 0.0142 
1183.359235048294, 0.0142 
1184.950313091278, 0.0141 
1186.5473911762238, 0.0139 
1188.1394696235657, 0.0138 
1189.7465484142303, 0.0138 
1191.3446266651154, 0.0137 
1192.9497542381287, 0.0136 
1194.5148477554321, 0.0135 
1196.112958908081, 0.0135 
1197.7450783252716, 0.0135 
1199.3351588249207, 0.0133 
1200.9332382678986, 0.0133 
1202.5273172855377, 0.0133 
1204.1323964595795, 0.0133 
1205.728477716446, 0.0132 
1207.3205564022064, 0.0132 
1208.9226355552673, 0.013 
1210.5247147083282, 0.013 
1212.1157937049866, 0.013 
1213.7218730449677, 0.013 
1215.3209519386292, 0.013 
1216.9180307388306, 0.013 
1218.5131092071533, 0.0129 
1220.1071877479553, 0.0129 
1221.7112669944763, 0.0129 
1223.3093457221985, 0.0128 
1224.91042470932, 0.0127 
1226.506504058838, 0.0127 
1228.1065838336945, 0.0127 
1229.7006628513336, 0.0127 
1231.2987422943115, 0.0127 
1232.8968214988708, 0.0127 
1234.4979004859924, 0.0127 
1236.0909795761108, 0.0126 
1237.6880583763123, 0.0125 
1239.2891373634338, 0.0125 
1240.8882167339325, 0.0125 
1242.4912962913513, 0.0125 
1244.0883748531342, 0.0125 
1245.6854536533356, 0.0125 
1247.2795329093933, 0.0125 
1248.8806133270264, 0.0125 
1250.4681930541992, 0.0125 
1252.063773393631, 0.0125 
1253.6708536148071, 0.0125 
1255.2649335861206, 0.0125 
1256.8650126457214, 0.0125 
1258.4610919952393, 0.0125 
1260.0621721744537, 0.0125 
1261.6602511405945, 0.0124 
1263.2583305835724, 0.0123 
1264.8544101715088, 0.0123 
1266.4514894485474, 0.0123 
1268.0515687465668, 0.0123 
1269.6496484279633, 0.0123 
1271.2477276325226, 0.0123 
1272.8448071479797, 0.0122 
1274.4428870677948, 0.0121 
1276.04296708107, 0.0121 
1277.6400463581085, 0.0121 
1279.2381255626678, 0.0121 
1280.8352048397064, 0.0121 
1282.4362845420837, 0.0121 
1284.041365146637, 0.0121 
1285.644445180893, 0.0121 
1287.2422733306885, 0.012 
1288.8400197029114, 0.0119 
1290.4357669353485, 0.0119 
1292.027513742447, 0.012 
1293.6302592754364, 0.0118 
1295.2220067977905, 0.0119 
1296.8287515640259, 0.0118 
1298.4234988689423, 0.0117 
1300.0182464122772, 0.0117 
1301.6129930019379, 0.0117 
1303.2177381515503, 0.0117 
1304.8164842128754, 0.0117 
1306.4142315387726, 0.0117 
1308.0129783153534, 0.0117 
1309.608725309372, 0.0117 
1311.205471754074, 0.0116 
1312.8072175979614, 0.0116 
1314.4039640426636, 0.0116 
1316.001710653305, 0.0116 
1317.5924582481384, 0.0115 
1319.1922044754028, 0.0115 
1320.7939503192902, 0.0114 
1322.3976962566376, 0.0114 
1323.9874441623688, 0.0114 
1325.5871903896332, 0.0114 
1327.1879365444183, 0.0114 
1328.7846837043762, 0.0114 
1330.3814311027527, 0.0114 
1331.9801778793335, 0.0114 
1333.5739252567291, 0.0114 
1335.1706726551056, 0.0114 
1336.7744183540344, 0.0114 
1338.371165752411, 0.0114 
1339.966912984848, 0.0114 
1341.5626602172852, 0.0114 
1343.1674058437347, 0.0114 
1344.761153459549, 0.0114 
1346.3589005470276, 0.0114 
1347.9586474895477, 0.0114 
1349.5573945045471, 0.0114 
1351.1511418819427, 0.0114 
1352.7478890419006, 0.0114 
1354.344636440277, 0.0114 
1355.9503817558289, 0.0114 
1357.5451295375824, 0.0114 
1359.1458761692047, 0.0114 
1360.7416234016418, 0.0113 
1362.3383712768555, 0.0113 
1363.9411180019379, 0.0114 
1365.529866695404, 0.0114 
1367.1366121768951, 0.0112 
1368.726360797882, 0.0114 
1370.3261075019836, 0.0114 
1371.928854227066, 0.0112 
1373.5246014595032, 0.0114 
1375.1243484020233, 0.0112 
1376.7230954170227, 0.0112 
1378.3148438930511, 0.0112 
1379.913590669632, 0.0112 
1381.5143375396729, 0.0112 
1383.109085559845, 0.0112 
1384.7098324298859, 0.0112 
1386.3045806884766, 0.0112 
1387.9063272476196, 0.0112 
1389.5050745010376, 0.0114 
1391.1038212776184, 0.0113 
1392.6955695152283, 0.0114 
1394.301316022873, 0.0112 
1395.8970639705658, 0.0112 
1397.4898121356964, 0.0112 
1399.0905592441559, 0.0112 
1400.6823074817657, 0.0112 
1402.286054134369, 0.0112 
1403.8808019161224, 0.0112 
1405.482548713684, 0.0112 
1407.076297044754, 0.0112 
1408.6790435314178, 0.0112 
1410.27579164505, 0.0112 
1411.8695397377014, 0.0112 
1413.4692873954773, 0.0112 
1415.071034193039, 0.0112 
1416.6627824306488, 0.0112 
1418.2585306167603, 0.0112 
1419.8652765750885, 0.0112 
1421.4580249786377, 0.0112 
1423.0537729263306, 0.0112 
1424.6595191955566, 0.0112 
1426.2532675266266, 0.0112 
1427.846016407013, 0.0112 
1429.4487636089325, 0.0112 
1431.0525109767914, 0.0112 
1432.6422600746155, 0.0112 
1434.238008260727, 0.0112 
1435.8357560634613, 0.0112 
1437.4355034828186, 0.0112 
1439.03125166893, 0.0112 
1440.630999326706, 0.0112 
1442.2297468185425, 0.0112 
1443.8274946212769, 0.0112 
1445.4282422065735, 0.0112 
1447.02698969841, 0.0112 
1448.6267375946045, 0.0112 
1450.2154870033264, 0.0112 
1451.8152344226837, 0.0112 
1453.4159820079803, 0.0112 
1455.0157296657562, 0.0112 
1456.609478712082, 0.0112 
1458.2112257480621, 0.0112 
1459.8059747219086, 0.0112 
1461.4057223796844, 0.0112 
1463.0074698925018, 0.0112 
1464.5982189178467, 0.0112 
1466.2009661197662, 0.0112 
1467.799714565277, 0.0112 
1469.392463684082, 0.0112 
1470.9952108860016, 0.0112 
1472.5869600772858, 0.0112 
1474.1897072792053, 0.0112 
1475.7864561080933, 0.0112 
1477.3812046051025, 0.0112 
1478.9839520454407, 0.0112 
1480.5827004909515, 0.0112 
1482.1774492263794, 0.0112 
1483.773197889328, 0.0112 
1485.3699464797974, 0.0112 
1486.9746935367584, 0.0112 
1488.57444190979, 0.0112 
1490.1681914329529, 0.0112 
1491.765939950943, 0.0112 
1493.3646883964539, 0.0112 
1494.9614369869232, 0.0112 
1496.556185722351, 0.0112 
1498.1619327068329, 0.0112 
1499.759681224823, 0.0112 
1501.3564298152924, 0.0112 
1502.954178571701, 0.0112 
1504.5519270896912, 0.0112 
1506.1496753692627, 0.0112 
1507.7394258975983, 0.0112 
1509.3451731204987, 0.0112 
1510.9439215660095, 0.0112 
1512.5416700839996, 0.0112 
1514.1414182186127, 0.0112 
1515.7381670475006, 0.0112 
1517.3369154930115, 0.0112 
1518.9346640110016, 0.0112 
1520.5294125080109, 0.0112 
1522.125161409378, 0.0112 
1523.7259094715118, 0.0112 
1525.323657989502, 0.0112 
1526.9234063625336, 0.0112 
1528.5151562690735, 0.0112 
1530.116904258728, 0.0112 
1531.7176525592804, 0.0112 
1533.315400838852, 0.0112 
1534.9091503620148, 0.0112 
1536.503900051117, 0.0112 
1538.1056480407715, 0.0112 
1539.7033972740173, 0.0112 
1541.2971467971802, 0.0112 
1542.899894952774, 0.0112 
1544.5006430149078, 0.0112 
1546.09539270401, 0.0112 
1547.6981406211853, 0.0112 
1549.292890071869, 0.0112 
1550.894638299942, 0.0112 
1552.4883878231049, 0.0112 
1554.0831372737885, 0.0112 
1555.6878850460052, 0.0112 
1557.285634279251, 0.0112 
1558.8823835849762, 0.0112 
1560.476133108139, 0.0112 
1562.0728824138641, 0.0112 
1563.6786301136017, 0.0112 
1565.2753794193268, 0.0112 
1566.870129108429, 0.0112 
1568.4648785591125, 0.0112 
1570.0616278648376, 0.0112 
1571.6593770980835, 0.0112 
1573.265124797821, 0.0112 
1574.863873720169, 0.0112 
1576.4676222801208, 0.0112 
1578.0583729743958, 0.0112 
1579.6551222801208, 0.0112 
1581.2538714408875, 0.0112 
1582.852620601654, 0.0112 
1584.443371295929, 0.0112 
1586.044126033783, 0.0112 
1587.6460609436035, 0.0112 
1589.2449960708618, 0.0112 
1590.8399317264557, 0.0112 
1592.437866449356, 0.0112 
1594.0378015041351, 0.0112 
1595.630737066269, 0.0112 
1597.228672027588, 0.0112 
1598.8276069164276, 0.0112 
1600.4275419712067, 0.0112 
1602.0224776268005, 0.0112 
1603.622412443161, 0.0112 
1605.2243475914001, 0.0112 
1606.8262825012207, 0.0112 
1608.421217918396, 0.0112 
1610.0151536464691, 0.0112 
1611.6180884838104, 0.0112 
1613.2140238285065, 0.0112 
1614.8159589767456, 0.0112 
1616.4088945388794, 0.0112 
1618.0048298835754, 0.0112 
1619.608764886856, 0.0112 
1621.2067005634308, 0.0112 
1622.801635980606, 0.0112 
1624.4065709114075, 0.0112 
1626.002506494522, 0.0112 
1627.5994420051575, 0.0112 
1629.1943774223328, 0.0112 
1630.7893130779266, 0.0112 
1632.394248008728, 0.0112 
1633.990183353424, 0.0112 
1635.5881190299988, 0.0112 
1637.1870546340942, 0.0112 
1638.7859899997711, 0.0112 
1640.3819255828857, 0.0112 
1641.9778611660004, 0.0112 
1643.581796169281, 0.0112 
1645.1767315864563, 0.0112 
1646.7736670970917, 0.0112 
1648.3826019763947, 0.0111 
1649.9685380458832, 0.0111 
1651.5664734840393, 0.0111 
1653.1654090881348, 0.0112 
1654.7623443603516, 0.0111 
1656.3602800369263, 0.0111 
1657.9572155475616, 0.0112 
1659.5641505718231, 0.0111 
1661.1540865898132, 0.0111 
1662.7590215206146, 0.0111 
1664.35795712471, 0.0112 
1665.9548923969269, 0.0111 
1667.5508279800415, 0.0111 
1669.1507635116577, 0.0112 
1670.7406995296478, 0.0111 
1672.3396348953247, 0.0111 
1673.9435703754425, 0.0111 
1675.5355064868927, 0.0111 
1677.137442111969, 0.0111 
1678.7363774776459, 0.0111 
1680.3353130817413, 0.0111 
1681.9262490272522, 0.0112 
1683.5281846523285, 0.011 
1685.1301209926605, 0.0111 
1686.7230570316315, 0.0111 
1688.3219928741455, 0.0111 
1689.9229290485382, 0.0111 
1691.5158650875092, 0.0111 
1693.1108012199402, 0.0112 
1694.714736700058, 0.0112 
1696.311672449112, 0.0111 
1697.9136078357697, 0.0111 
1699.5085439682007, 0.0112 
1701.1034801006317, 0.0112 
1702.7004158496857, 0.0112 
1704.2973518371582, 0.0112 
1705.903287410736, 0.0111 
1707.5022234916687, 0.0111 
1709.0961594581604, 0.0111 
1710.6940956115723, 0.0111 
1712.2930314540863, 0.0111 
1713.891967535019, 0.0111 
1715.4899036884308, 0.0111 
1717.0868394374847, 0.0111 
1718.6837754249573, 0.0111 
1720.2847113609314, 0.0111 
1721.8866474628448, 0.011 
1723.4745841026306, 0.0112 
1725.0735201835632, 0.0112 
1726.6744561195374, 0.0112 
1728.2743921279907, 0.0112 
1729.8723278045654, 0.0112 
1731.4642643928528, 0.0111 
1733.0632004737854, 0.0112 
1734.6631364822388, 0.0112 
1736.26407289505, 0.0111 
1737.8630089759827, 0.0111 
1739.4599449634552, 0.0111 
1741.0508813858032, 0.0111 
1742.6518173217773, 0.0112 
1744.249754190445, 0.0111 
1745.8476898670197, 0.0111 
1747.4486258029938, 0.0111 
1749.043562412262, 0.0112 
1750.6424984931946, 0.0112 
1752.242434501648, 0.0111 
1753.835371017456, 0.011 
1755.4383070468903, 0.0111 
1757.0402429103851, 0.0111 
1758.6451795101166, 0.0111 
1760.2281165122986, 0.011 
1761.830052614212, 0.011 
1763.4309885501862, 0.0111 
1765.0289249420166, 0.0111 
1766.6218616962433, 0.011 
1768.2237975597382, 0.011 
1769.819734096527, 0.0111 
1771.4146704673767, 0.0112 
1773.019606590271, 0.0112 
1774.6155428886414, 0.0111 
1776.2154796123505, 0.0111 
1777.8114161491394, 0.011 
1779.406352519989, 0.0111 
1781.0002889633179, 0.0111 
1782.6072249412537, 0.0111 
1784.2031614780426, 0.0112 
1785.7950985431671, 0.0112 
1787.3990352153778, 0.0111 
1788.997971534729, 0.0111 
1790.5939078330994, 0.0111 
1792.1898443698883, 0.011 
1793.7877810001373, 0.0112 
1795.3887176513672, 0.0112 
1796.9816544055939, 0.0112 
1798.579591035843, 0.0112 
1800.1805276870728, 0.0112 
1801.7784640789032, 0.0112 
1803.377400636673, 0.0112 
1804.9783370494843, 0.0112 
1806.5722739696503, 0.0112 
1808.1722104549408, 0.0112 
1809.7651476860046, 0.0112 
1811.363084077835, 0.0112 
1812.9640204906464, 0.0111 
1814.5629570484161, 0.0111 
1816.1628935337067, 0.0111 
1817.7548305988312, 0.011 
1819.3567669391632, 0.011 
1820.9517040252686, 0.0112 
1822.5576403141022, 0.011 
1824.150577545166, 0.011 
1825.7485139369965, 0.011 
1827.350450515747, 0.011 
1828.944387435913, 0.0112 
1830.547324180603, 0.011 
1832.141261100769, 0.0111 
1833.740198135376, 0.0112 
1835.3351349830627, 0.0112 
1836.9390714168549, 0.0111 
1838.5340085029602, 0.011 
1840.1279454231262, 0.011 
1841.724882364273, 0.0111 
1843.3308191299438, 0.011 
1844.9217567443848, 0.011 
1846.5186936855316, 0.011 
1848.1216299533844, 0.011 
1849.7165670394897, 0.011 
1851.3145039081573, 0.011 
1852.914440870285, 0.011 
1854.5093779563904, 0.011 
1856.1063148975372, 0.011 
1857.712251663208, 0.011 
1859.3111884593964, 0.011 
1860.9011261463165, 0.011 
1862.4980630874634, 0.011 
1864.0989999771118, 0.0111 
1865.6999371051788, 0.0111 
1867.2998740673065, 0.0111 
1868.8908116817474, 0.0111 
1870.4877486228943, 0.011 
1872.087685585022, 0.0111 
1873.6856224536896, 0.011 
1875.2885596752167, 0.011 
1876.8804972171783, 0.011 
1878.4794340133667, 0.011 
1880.0793709754944, 0.0111 
1881.6813080310822, 0.011 
1883.2712454795837, 0.0111 
1884.8741827011108, 0.011 
1886.4741439819336, 0.011 
1888.0671439170837, 0.011 
1889.6711440086365, 0.011 
1891.2661440372467, 0.011 
1892.8601441383362, 0.011 
1894.463143825531, 0.011 
1896.0561439990997, 0.011 
1897.6541440486908, 0.0111 
1899.2511439323425, 0.011 
1900.8571441173553, 0.011 
1902.4501440525055, 0.011 
1904.0481441020966, 0.011 
1905.6431438922882, 0.011 
1907.2421438694, 0.011 
1908.8391439914703, 0.011 
1910.4451439380646, 0.011 
1912.0431439876556, 0.011 
1913.635143995285, 0.011 
1915.231143951416, 0.011 
1916.836144208908, 0.011 
1918.430144071579, 0.011 
1920.02814412117, 0.011 
1921.6261439323425, 0.011 
1923.2221438884735, 0.011 
1924.818144083023, 0.011 
1926.4161441326141, 0.011 
1928.0231440067291, 0.011 
1929.6171441078186, 0.011 
1931.2171440124512, 0.011 
1932.8151438236237, 0.011 
1934.407143831253, 0.011 
1936.0051441192627, 0.011 
1937.606143951416, 0.011 
1939.2061438560486, 0.011 
1940.8131439685822, 0.011 
1942.40114402771, 0.011 
1944.0021438598633, 0.0111 
1945.5921440124512, 0.011 
1947.1921441555023, 0.011 
1948.7931439876556, 0.011 
1950.3941440582275, 0.011 
1951.9891440868378, 0.011 
1953.582144021988, 0.011 
1955.1821439266205, 0.011 
1956.7861440181732, 0.011 
1958.3801441192627, 0.011 
1959.9821438789368, 0.011 
1961.575143814087, 0.011 
1963.178143978119, 0.011 
1964.7741439342499, 0.011 
1966.3701438903809, 0.011 
1967.965143918991, 0.011 
1969.5631439685822, 0.011 
1971.1601440906525, 0.011 
1972.7621438503265, 0.011 
1974.3631439208984, 0.011 
1975.9581439495087, 0.011 
1977.5561439990997, 0.011 
1979.1591439247131, 0.011 
1980.7481441497803, 0.011 
1982.3551437854767, 0.011 
1983.9511439800262, 0.011 
1985.550143957138, 0.011 
1987.146143913269, 0.011 
1988.747143983841, 0.011 
1990.336144208908, 0.011 
1991.9341440200806, 0.0111 
1993.5321440696716, 0.0111 
1995.1321442127228, 0.011 
1996.7281441688538, 0.0111 
1998.3341438770294, 0.011 
1999.9261438846588, 0.011 
2001.521143913269, 0.011 
2003.11914396286, 0.011 
2004.718143939972, 0.011 
2006.3231439590454, 0.011 
2007.9211440086365, 0.011 
2009.5121440887451, 0.011 
2011.1101438999176, 0.011 
2012.7081441879272, 0.011 
2014.3121440410614, 0.011 
2015.9021439552307, 0.011 
2017.5021438598633, 0.011 
2019.1051440238953, 0.011 
2020.6971440315247, 0.011 
2022.3001441955566, 0.011 
2023.8981440067291, 0.011 
2025.4901440143585, 0.011 
2027.0941438674927, 0.011 
2028.6891441345215, 0.011 
2030.2821440696716, 0.011 
2031.8801441192627, 0.011 
2033.4871439933777, 0.011 
2035.0831439495087, 0.011 
2036.6771440505981, 0.011 
2038.27614402771, 0.011 
2039.8701438903809, 0.011 
2041.4751439094543, 0.011 
2043.0691440105438, 0.011 
2044.662143945694, 0.011 
2046.2611439228058, 0.011 
2047.8621439933777, 0.011 
2049.457144021988, 0.011 
2051.0611441135406, 0.011 
2052.6521441936493, 0.011 
2054.252144098282, 0.0111 
2055.8561441898346, 0.011 
2057.447143793106, 0.011 
2059.051143884659, 0.011 
2060.643143892288, 0.011 
2062.24614405632, 0.011 
2063.8411440849304, 0.011 
2065.4351439476013, 0.011 
2067.0381438732147, 0.011 
2068.630143880844, 0.011 
2070.236144065857, 0.011 
2071.8251440525055, 0.011 
2073.4291441440582, 0.011 
2075.023144006729, 0.011 
2076.625144004822, 0.011 
2078.220144033432, 0.011 
2079.8151438236237, 0.011 
2081.4121441841125, 0.011 
2083.0091440677643, 0.011 
2084.616144180298, 0.011 
2086.2131440639496, 0.011 
2087.816143989563, 0.011 
2089.4031438827515, 0.011 
2091.0011439323425, 0.011 
2092.597144126892, 0.011 
2094.2031438350677, 0.011 
2095.8001441955566, 0.011 
2097.3961441516876, 0.011 
2098.9921441078186, 0.011 
2100.591143846512, 0.011 
2102.1901440620422, 0.011 
2103.7881441116333, 0.011 
2105.3841440677643, 0.011 
2106.9831438064575, 0.011 
2108.582144021988, 0.011 
2110.1761441230774, 0.011 
2111.7781438827515, 0.011 
2113.36914396286, 0.011 
2114.973144054413, 0.011 
2116.5711438655853, 0.011 
2118.1631438732147, 0.011 
2119.7621438503265, 0.011 
2121.3621439933777, 0.011 
2122.957144021988, 0.011 
2124.5581438541412, 0.011 
2126.1511437892914, 0.011 
2127.757143974304, 0.011 
2129.3471438884735, 0.011 
2130.9501440525055, 0.011 
2132.544144153595, 0.011 
2134.14714384079, 0.011 
2135.739143848419, 0.011 
2137.3411440849304, 0.011 
2138.938143968582, 0.011 
2140.535143852234, 0.011 
2142.137144088745, 0.011 
2143.7301440238953, 0.011 
2145.327143907547, 0.011 
2146.9311439990997, 0.011 
2148.52614402771, 0.011 
2150.122143983841, 0.011 
2151.717144012451, 0.011 
2153.3221440315247, 0.011 
2154.9191439151764, 0.011 
2156.5161440372467, 0.011 
2158.1121439933777, 0.011 
2159.7101440429688, 0.011 
2161.3121440410614, 0.0111 
2162.907143831253, 0.011 
2164.503143787384, 0.011 
2166.100144147873, 0.011 
2167.6951439380646, 0.011 
2169.302144050598, 0.011 
2170.893144130707, 0.011 
2172.49414396286, 0.011 
2174.0951437950134, 0.011 
2175.6901440620422, 0.011 
2177.2911438941956, 0.011 
2178.885143995285, 0.011 
2180.479143857956, 0.011 
2182.079144001007, 0.011 
2183.675143957138, 0.011 
2185.2771439552307, 0.011 
2186.875161886215, 0.011 
2188.4752259254456, 0.011 
2190.0732896327972, 0.011 
2191.666355371475, 0.011 
2193.2624197006226, 0.011 
2194.862482070923, 0.011 
2196.459545850754, 0.011 
2198.0626101493835, 0.011 
2199.6616740226746, 0.011 
2201.253738641739, 0.011 
2202.849802494049, 0.011 
2204.456866979599, 0.011 
2206.045930624008, 0.011 
2207.6439938545227, 0.011 
2209.249057531357, 0.011 
2210.8451220989227, 0.011 
2212.4401853084564, 0.011 
2214.0432488918304, 0.011 
2215.637312889099, 0.011 
2217.231376647949, 0.011 
2218.8324406147003, 0.011 
2220.4325046539307, 0.011 
2222.0275688171387, 0.011 
2223.6296322345734, 0.011 
2225.2226972579956, 0.011 
2226.817760705948, 0.011 
2228.417824745178, 0.011 
2230.021888256073, 0.011 
2231.6119513511658, 0.011 
2233.212015390396, 0.011 
2234.8180799484253, 0.011 
2236.408145427704, 0.011 
2238.0102109909058, 0.011 
2239.6062755584717, 0.011 
2241.202339887619, 0.011 
2242.804404258728, 0.011 
2244.3984682559967, 0.011 
2245.9955327510834, 0.011 
2247.59259724617, 0.011 
2249.1906611919403, 0.011 
2250.791727542877, 0.011 
2252.386791944504, 0.011 
2253.984855890274, 0.011 
2255.5879209041595, 0.011 
2257.1859855651855, 0.011 
2258.779048681259, 0.011 
2260.3831148147583, 0.011 
2261.978181362152, 0.011 
2263.575246810913, 0.011 
2265.1733105182648, 0.011 
2266.7743747234344, 0.011 
2268.3644392490387, 0.011 
2269.9695060253143, 0.011 
2271.5695717334747, 0.011 
2273.163635969162, 0.011 
2274.7546997070312, 0.011 
2276.351763486862, 0.011 
2277.9508290290833, 0.011 
2279.5518956184387, 0.011 
2281.147959947586, 0.011 
2282.7450251579285, 0.011 
2284.3490896224976, 0.011 
2285.945153236389, 0.011 
2287.5402166843414, 0.011 
2289.1372804641724, 0.011 
2290.733344078064, 0.011 
2292.3354082107544, 0.011 
2293.9304716587067, 0.011 
2295.53453540802, 0.011 
2297.1295986175537, 0.011 
2298.7286627292633, 0.011 
2300.3277266025543, 0.011 
2301.917790412903, 0.011 
2303.515854358673, 0.011 
2305.113917827606, 0.011 
2306.715982198715, 0.011 
2308.3160462379456, 0.011 
2309.9141099452972, 0.011 
2311.506173849106, 0.011 
2313.1092381477356, 0.011 
2314.700302362442, 0.011 
2316.2993659973145, 0.011 
2317.894430398941, 0.011 
2319.497494697571, 0.011 
2321.098557949066, 0.011 
2322.689621925354, 0.011 
2324.2916860580444, 0.011 
2325.891750097275, 0.011 
2327.482813835144, 0.011 
2329.0868785381317, 0.011 
2330.677942276001, 0.011 
2332.2770063877106, 0.011 
2333.881070613861, 0.011 
2335.4811346530914, 0.011 
2337.0761988162994, 0.011 
2338.6682629585266, 0.011 
2340.2723274230957, 0.011 
2341.8693919181824, 0.011 
2343.470456123352, 0.011 
2345.0655200481415, 0.011 
2346.660584449768, 0.011 
2348.2646481990814, 0.011 
2349.857711315155, 0.011 
2351.454775094986, 0.011 
2353.049839258194, 0.011 
2354.6539030075073, 0.011 
2356.252967596054, 0.011 
2357.8500320911407, 0.011 
2359.4450964927673, 0.011 
2361.0451605319977, 0.011 
2362.6432242393494, 0.011 
2364.2372884750366, 0.011 
2365.8333530426025, 0.011 
2367.432416677475, 0.011 
2369.030481338501, 0.011 
2370.6285452842712, 0.011 
2372.227609872818, 0.011 
2373.8256735801697, 0.011 
2375.4247374534607, 0.011 
2377.0238015651703, 0.011 
2378.6148653030396, 0.011 
2380.213931083679, 0.011 
2381.8149960041046, 0.011 
2383.4160599708557, 0.011 
2385.0051243305206, 0.011 
2386.611189842224, 0.011 
2388.2022545337677, 0.011 
2389.804318666458, 0.011 
2391.4053835868835, 0.011 
2392.998448610306, 0.011 
2394.598513364792, 0.011 
2396.190578222275, 0.011 
2397.7936432361603, 0.011 
2399.386707305908, 0.011 
2400.9927728176117, 0.011 
2402.5898373126984, 0.011 
2404.1859016418457, 0.011 
2405.7779655456543, 0.011 
2407.3830308914185, 0.011 
2408.982095479965, 0.011 
2410.5741596221924, 0.011 
2412.171224117279, 0.011 
2413.769289493561, 0.011 
2415.369354248047, 0.011 
2416.968419790268, 0.011 
2418.5654842853546, 0.011 
2420.158549308777, 0.011 
2421.754613637924, 0.011 
2423.3596789836884, 0.011 
2424.9597437381744, 0.011 
2426.5508081912994, 0.011 
2428.1518733501434, 0.011 
2429.7489376068115, 0.011 
2431.3470022678375, 0.011 
2432.9390671253204, 0.011 
2434.5381319522858, 0.011 
2436.138196706772, 0.011 
2437.7352612018585, 0.011 
2439.3373262882233, 0.011 
2440.9353907108307, 0.011 
2442.5294559001923, 0.011 
2444.1325209140778, 0.011 
2445.7225856781006, 0.011 
2447.323650598526, 0.011 
2448.923715353012, 0.011 
2450.518781900406, 0.011 
2452.113847017288, 0.011 
2453.717912197113, 0.011 
2455.307976961136, 0.011 
2456.9090416431427, 0.011 
2458.510106563568, 0.011 
2460.1011714935303, 0.011 
2461.7042365074158, 0.011 
2463.306301355362, 0.011 
2464.9023666381836, 0.011 
2466.4944314956665, 0.011 
2468.099496603012, 0.011 
2469.6935617923737, 0.011 
2471.2866265773773, 0.011 
2472.8916919231415, 0.011 
2474.4807572364807, 0.011 
2476.0788226127625, 0.011 
2477.6778881549835, 0.011 
2479.2759535312653, 0.011 
2480.8720185756683, 0.011 
2482.478084087372, 0.011 
2484.0721492767334, 0.011 
2485.670214653015, 0.011 
2487.268280029297, 0.011 
2488.8643450737, 0.011 
2490.4604103565216, 0.011 
2492.057475566864, 0.011 
2493.6595413684845, 0.011 
2495.2606072425842, 0.011 
2496.8556723594666, 0.011 
2498.450737476349, 0.011 
2500.0548033714294, 0.011 
2501.6508684158325, 0.011 
2503.2489337921143, 0.011 
2504.846999168396, 0.011 
2506.4450647830963, 0.011 
2508.0441303253174, 0.011 
2509.642195701599, 0.011 
2511.2332611083984, 0.011 
2512.833326816559, 0.011 
2514.4323921203613, 0.011 
2516.030457496643, 0.011 
2517.631523370743, 0.011 
2519.22758936882, 0.011 
2520.820655107498, 0.011 
2522.4237208366394, 0.011 
2524.017786502838, 0.011 
2525.613852739334, 0.011 
2527.2159185409546, 0.011 
2528.8169841766357, 0.011 
2530.4160504341125, 0.011 
2532.01011633873, 0.011 
2533.611181974411, 0.011 
2535.204247713089, 0.011 
2536.808313846588, 0.011 
2538.402379512787, 0.011 
2539.995445251465, 0.011 
2541.5995111465454, 0.011 
2543.193576812744, 0.011 
2544.7976429462433, 0.011 
2546.3917088508606, 0.011 
2547.9877746105194, 0.011 
2549.5838408470154, 0.011 
2551.187906742096, 0.011 
2552.7839727401733, 0.011 
2554.3800389766693, 0.011 
2555.978105068207, 0.011 
2557.573170900345, 0.011 
2559.1782369613647, 0.011 
2560.7753031253815, 0.011 
2562.371369123459, 0.011 
2563.971435546875, 0.011 
2565.5655014514923, 0.011 
2567.166567802429, 0.011 
2568.7626338005066, 0.011 
2570.3576998710632, 0.011 
2571.9557659626007, 0.011 
2573.555832386017, 0.011 
2575.1538984775543, 0.011 
2576.748965024948, 0.011 
2578.346032142639, 0.011 
2579.9461002349854, 0.011 
2581.542167663574, 0.011 
2583.14723443985, 0.011 
2584.744301557541, 0.011 
2586.3373687267303, 0.011 
2587.935435771942, 0.011 
2589.5375032424927, 0.011 
2591.1325697898865, 0.011 
2592.728636741638, 0.011 
2594.334703683853, 0.011 
2595.9257707595825, 0.011 
2597.529838323593, 0.011 
2599.123905658722, 0.011 
2600.722972869873, 0.011 
2602.316040277481, 0.011 
2603.922107219696, 0.011 
2605.5191748142242, 0.011 
2607.117241859436, 0.011 
2608.716309070587, 0.011 
2610.306375980377, 0.011 
2611.904443025589, 0.011 
2613.5015099048615, 0.011 
2615.0995767116547, 0.011 
2616.699644804001, 0.011 
2618.300712823868, 0.011 
2619.9007802009583, 0.011 
2621.499848127365, 0.011 
2623.0919268131256, 0.011 
2624.688005924225, 0.011 
2626.2930850982666, 0.011 
2627.885163784027, 0.011 
2629.4802429676056, 0.011 
2631.0833218097687, 0.011 
2632.6824011802673, 0.011 
2634.2814798355103, 0.011 
2635.8775589466095, 0.011 
2637.4776377677917, 0.011 
2639.0687165260315, 0.011 
2640.6697952747345, 0.011 
2642.266875267029, 0.011 
2643.8619542121887, 0.011 
2645.7800431251526, 0.011 
2647.381122112274, 0.011 
2648.9762012958527, 0.011 
2650.576280117035, 0.011 
2652.179358959198, 0.011 
2653.768437385559, 0.011 
2655.3685162067413, 0.011 
2656.9635951519012, 0.011 
2658.5646739006042, 0.011 
2660.1677532196045, 0.011 
2661.7588317394257, 0.011 
2663.3589107990265, 0.011 
2664.9599895477295, 0.011 
2666.558068752289, 0.011 
2668.1501474380493, 0.011 
2669.7522265911102, 0.011 
2671.351305246353, 0.011 
2672.9453842639923, 0.011 
2674.548463344574, 0.011 
2676.1405420303345, 0.011 
2677.743621110916, 0.011 
2679.342700481415, 0.011 
2680.9377794265747, 0.011 
2682.5308582782745, 0.011 
2684.132937192917, 0.011 
2685.733016729355, 0.011 
2687.329095840454, 0.011 
2688.9271750450134, 0.011 
2690.5272545814514, 0.011 
2692.1163337230682, 0.011 
2693.7234132289886, 0.011 
2695.3184921741486, 0.011 
2696.917571544647, 0.011 
2698.515650987625, 0.011 
2700.110729932785, 0.011 
2701.7088091373444, 0.011 
2703.305888414383, 0.011 
2704.9069681167603, 0.011 
2706.5030472278595, 0.011 
2708.0991263389587, 0.011 
2709.695205450058, 0.011 
2711.297285079956, 0.011 
2712.894364118576, 0.011 
2714.4904432296753, 0.011 
2716.094523191452, 0.011 
2717.69260263443, 0.011 
2719.2906818389893, 0.011 
2720.881761074066, 0.011 
2722.481840610504, 0.011 
2724.0799198150635, 0.011 
2725.6759996414185, 0.011 
2727.276079416275, 0.011 
2728.8731591701508, 0.011 
2730.4762387275696, 0.011 
2732.065318107605, 0.011 
2733.6643974781036, 0.011 
2735.26047706604, 0.011 
2736.865557193756, 0.011 
2738.465636730194, 0.011 
2740.058716058731, 0.011 
2741.6517956256866, 0.011 
2743.2538754940033, 0.011 
2744.8559551239014, 0.011 
2746.449034690857, 0.011 
2748.0531146526337, 0.011 
2749.64519405365, 0.011 
2751.2462735176086, 0.011 
2752.850354194641, 0.011 
2754.4384336471558, 0.011 
2756.0405135154724, 0.011 
2757.637593269348, 0.011 
2759.232672929764, 0.011 
2760.834753513336, 0.011 
2762.429833173752, 0.011 
2764.027913093567, 0.011 
2765.624993085861, 0.011 
2767.225073337555, 0.011 
2768.8221530914307, 0.011 
2770.418233156204, 0.011 
2772.0193133354187, 0.011 
2773.6163930892944, 0.011 
2775.21147274971, 0.011 
2776.808552980423, 0.011 
2778.4016330242157, 0.011 
2779.9997129440308, 0.011 
2781.5977931022644, 0.011 
2783.198873281479, 0.011 
2784.7989535331726, 0.011 
2786.3910336494446, 0.011 
2787.994113922119, 0.011 
2789.5881946086884, 0.011 
2791.1932752132416, 0.011 
2792.7903549671173, 0.011 
2794.3834352493286, 0.011 
2795.9845156669617, 0.011 
2797.583596229553, 0.011 
2799.1816778182983, 0.011 
2800.7747592926025, 0.011 
2802.376841068268, 0.011 
2803.956983089447, 0.011 
2805.575076341629, 0.011 
2807.1711587905884, 0.011 
2808.770239830017, 0.011 
2810.3693203926086, 0.011 
2811.9664018154144, 0.011 
2813.5644838809967, 0.011 
2815.1535663604736, 0.011 
2816.7586476802826, 0.011 
2818.3587357997894, 0.011 
2819.9498522281647, 0.011 
2821.550933122635, 0.011 
2823.1430139541626, 0.011 
2824.732172012329, 0.011 
2826.3422553539276, 0.011 
2827.948336839676, 0.011 
2829.2193899154663, 0.011 
2830.804496526718, 0.011 
2832.4226534366608, 0.011 
2834.0167343616486, 0.011 
2835.593815803528, 0.011 
2837.2118990421295, 0.011 
2838.806980371475, 0.011 
2840.4170804023743, 0.011 
2842.0071687698364, 0.011 
2843.584287881851, 0.011 
2845.1953711509705, 0.011 
2846.794452190399, 0.011 
2848.378532886505, 0.011 
2849.9966168403625, 0.011 
2851.5916979312897, 0.011 
2853.1857788562775, 0.011 
2854.7888600826263, 0.011 
2856.3839769363403, 0.011 
2857.9840936660767, 0.011 
2859.582175016403, 0.011 
2861.177242040634, 0.011 
2862.7763249874115, 0.011 
2864.372406244278, 0.011 
2865.9735474586487, 0.011 
2867.5706293582916, 0.011 
2869.1677107810974, 0.011 
2870.7627918720245, 0.011 
2872.34090256691, 0.011 
2873.963986635208, 0.011 
2875.5550673007965, 0.011 
2877.1581485271454, 0.011 
2878.756229877472, 0.011 
2880.3463110923767, 0.011 
2881.9493923187256, 0.011 
2885.148521900177, 0.011 
2886.743602991104, 0.011 
2888.3416843414307, 0.011 
2889.936765432358, 0.011 
2891.532846927643, 0.011 
2893.132928133011, 0.011 
2894.7300102710724, 0.011 
2896.3250920772552, 0.011 
2897.9311764240265, 0.011 
