# tiempo [s], press [mBar], Temp [C]
0.0, 1000.0, 158.7376518212443 
1.5950000286102295, 1000.0, 158.7376518212443 
3.197000026702881, 1000.0, 158.7376518212443 
5.119000196456909, 1000.0, 158.66210771885986 
7.039999961853027, 1000.0, 158.43644785685515 
8.963000059127808, 1000.0, 158.02647915095451 
10.564000129699707, 1000.0, 157.6579073548953 
12.159000158309937, 1000.0, 157.3294879504737 
14.08899998664856, 1000.0, 156.96817061319595 
15.680999994277954, 1000.0, 156.61056562587416 
17.28500008583069, 1000.0, 156.2566026538818 
19.204999923706055, 1000.0, 155.90621329012959 
20.80400013923645, 1000.0, 155.5593309862611 
22.407999992370605, 1000.0, 155.21589098686252 
24.005000114440918, 1000.0, 154.8758302665318 
25.931000232696533, 1000.0, 154.505593361978 
27.528000116348267, 1000.0, 154.1724313376344 
29.132999897003174, 1000.0, 153.84246357172458 
30.72700023651123, 1000.0, 153.51563352941076 
32.33200001716614, 1000.0, 153.1596788500517 
34.24600005149841, 1000.0, 152.83926039073202 
35.848999977111816, 1000.0, 152.4902301487164 
37.450000047683716, 1000.0, 152.17599301619785 
39.05200004577637, 1000.0, 151.8336405713721 
40.973999977111816, 1000.0, 151.52536638203298 
42.57599997520447, 1000.0, 151.1894577095707 
44.17799997329712, 1000.0, 150.85683493556306 
45.77999997138977, 1000.0, 150.52743870175124 
47.700000047683716, 1000.0, 150.2012112021579 
49.29200005531311, 1000.0, 149.87809613018226 
50.89500021934509, 1000.0, 149.587009834195 
52.50099992752075, 1000.0, 149.24098523751982 
54.42300009727478, 1000.0, 148.92688385471791 
56.013999938964844, 1000.0, 148.61568368404087 
57.617000102996826, 1000.0, 148.3073351960018 
59.22000002861023, 1000.0, 148.00179008594517 
61.13700008392334, 1000.0, 147.67161005167196 
62.73699998855591, 1000.0, 147.3717756358047 
64.3420000076294, 1000.0, 147.04771734489123 
65.94099998474121, 1000.0, 146.75339788658684 
67.86199998855591, 1000.0, 146.43525315423602 
69.46499991416931, 1000.0, 146.12011453511298 
71.06300020217896, 1000.0, 145.83383337959427 
72.66799998283386, 1000.0, 145.52431082767583 
74.58300018310547, 1000.0, 145.21764489835334 
76.18300008773804, 1000.0, 144.91378683188327 
77.79200005531311, 1000.0, 144.6126890744096 
79.38599991798401, 1000.0, 144.31430523906656 
81.31200003623962, 1000.0, 144.01859006862912 
82.91300010681152, 1000.0, 143.701192285669 
84.50800013542175, 1000.0, 143.41089621708073 
86.10599994659424, 1000.0, 143.123136006492 
88.02800011634827, 1000.0, 142.8142098917465 
89.63199996948242, 1000.0, 142.53160214112648 
91.23399996757507, 1000.0, 142.22816496749462 
92.83100008964539, 1000.0, 141.92751069536817 
94.75399994850159, 1000.0, 141.65241283723574 
96.35700011253357, 1000.0, 141.3569785444549 
97.95300006866455, 1000.0, 141.06419231650958 
99.55200004577637, 1000.0, 140.7740102117718 
101.47200012207031, 1000.0, 140.4863893456411 
103.08100008964539, 1000.0, 140.20128785737575 
104.6800000667572, 1000.0, 139.91866487819698 
106.27600002288818, 1000.0, 139.63848050061753 
108.19400000572205, 1000.0, 139.3394259862999 
109.80400013923645, 1000.0, 139.06418289452728 
111.39500021934509, 1000.0, 138.79126133439456 
113.00500011444092, 1000.0, 138.4999004791262 
114.91799998283386, 1000.0, 138.21114573508265 
116.51900005340576, 1000.0, 137.9453121047287 
118.12400007247925, 1000.0, 137.661462403423 
119.72099995613098, 1000.0, 137.4001114483253 
121.64199995994568, 1000.0, 137.12101349690982 
123.2480001449585, 1000.0, 136.84432136294166 
124.84899997711182, 1000.0, 136.56999661233982 
126.4430000782013, 1000.0, 136.2980017016478 
128.364000082016, 1000.0, 136.00912233678193 
129.9630000591278, 1000.0, 135.7418377914816 
131.57200002670288, 1000.0, 135.4767730634341 
133.16999983787537, 1000.0, 135.1951996355265 
135.08500003814697, 1000.0, 134.93462522083814 
136.69500017166138, 1000.0, 134.65778697214492 
138.29500007629395, 1000.0, 134.40156284732322 
139.89100003242493, 1000.0, 134.1293131730411 
141.8159999847412, 1000.0, 133.85938154174434 
143.41799998283386, 1000.0, 133.59173135153344 
145.0130000114441, 1000.0, 133.32632683908943 
146.60999989509583, 1000.0, 133.06313305459756 
148.53900003433228, 1000.0, 132.80211583758262 
150.13500022888184, 1000.0, 132.54324179363698 
151.7150001525879, 1000.0, 132.28647827198773 
153.3159999847412, 1000.0, 132.01488748539532 
155.23600006103516, 1000.0, 131.76238532075982 
156.85900020599365, 1000.0, 131.51189796281565 
158.43850016593933, 1000.0, 131.2468986016542 
160.04150009155273, 1000.0, 130.98412228574387 
161.96199989318848, 1000.0, 130.7397576802647 
163.5590000152588, 1000.0, 130.4811907301348 
165.48449993133545, 1000.0, 130.22474737302645 
167.08400011062622, 1000.0, 129.98623157941438 
168.68499994277954, 1000.0, 129.7338111928683 
170.28600001335144, 1000.0, 129.48342131963636 
171.88700008392334, 1000.0, 129.21957300780173 
173.48499989509583, 1000.0, 128.97327602145504 
175.40650010108948, 1000.0, 128.71371014702885 
177.007000207901, 1000.0, 128.4713826982004 
178.60800004005432, 1000.0, 128.23093708254197 
180.2095000743866, 1000.0, 127.9774951915715 
182.12999987602234, 1000.0, 127.74084575687078 
183.73100018501282, 1000.0, 127.49137793403878 
185.33100008964539, 1000.0, 127.25841410014684 
186.93300008773804, 1000.0, 127.01280535757223 
188.85349988937378, 1000.0, 126.7691413315387 
190.4539999961853, 1000.0, 126.58410438476105 
192.0614767074585, 1000.0, 126.28753360709 
193.661447763443, 1000.0, 126.04953450881736 
195.58241176605225, 1000.0, 125.81336929382783 
197.18138241767883, 1000.0, 125.56528169833447 
198.78235292434692, 1000.0, 125.33281003500008 
200.38332343101501, 1000.0, 125.08857620361559 
202.30528783798218, 1000.0, 124.85969145224297 
203.90425848960876, 1000.0, 124.6192008575048 
205.49674224853516, 1000.0, 124.38059382103366 
207.0992419719696, 1000.0, 124.15694751217195 
209.01724219322205, 1000.0, 123.92192497178507 
210.61724209785461, 1000.0, 123.68870689152143 
212.2182421684265, 1000.0, 123.45726751134735 
213.81924200057983, 1000.0, 123.22758160561165 
215.74324202537537, 1000.0, 122.99962446855739 
217.34424233436584, 1000.0, 122.76085181424648 
218.9447422027588, 1000.0, 122.53637280305091 
220.54524207115173, 1000.0, 122.31355014823319 
222.46524214744568, 1000.0, 122.08012028357132 
224.06774234771729, 1000.0, 121.84848440750103 
225.6687421798706, 1000.0, 121.6306714894545 
227.26874232292175, 1000.0, 121.40245605929672 
229.18974208831787, 1000.0, 121.17596055068468 
230.7902421951294, 1000.0, 120.95116084858415 
232.39074206352234, 1000.0, 120.72803332944687 
233.99124217033386, 1000.0, 120.50655484811612 
235.92672085762024, 1000.0, 120.275176189021 
237.52669143676758, 1000.0, 120.05701201926055 
239.13566160202026, 1000.0, 119.84042906306418 
240.730633020401, 1000.0, 119.6254059885774 
242.651597738266, 1000.0, 119.40072811707967 
244.24856853485107, 1000.0, 119.18884183223092 
245.85853910446167, 1000.0, 118.96742085165914 
247.4585099220276, 1000.0, 118.74763597406557 
249.3714747428894, 1000.0, 118.52946469507727 
250.98044514656067, 1000.0, 118.32367648341527 
252.57841610908508, 1000.0, 118.10858868745024 
254.17538690567017, 1000.0, 117.89505068032254 
256.1013512611389, 1000.0, 117.67248098649964 
257.70332169532776, 1000.0, 117.46205548417383 
259.293292760849, 1000.0, 117.25311760723045 
260.9032633304596, 1000.0, 117.03531246535692 
262.8222277164459, 1000.0, 116.8293633935343 
264.42219853401184, 1000.0, 116.62484336601622 
266.02516913414, 1000.0, 116.41161513805378 
267.6221401691437, 1000.0, 116.20996728058893 
269.2231111526489, 1000.0, 116.00969320194292 
271.1470756530762, 1000.0, 115.80086487094977 
272.7460467815399, 1000.0, 115.59351210026003 
274.34601759910583, 1000.0, 115.3876154649044 
276.2619822025299, 1000.0, 115.18315591193871 
277.8629529476166, 1000.0, 114.98011475112355 
279.46392369270325, 1000.0, 114.77847364589532 
281.06789469718933, 1000.0, 114.56871263111658 
282.99085879325867, 1000.0, 114.36044815193021 
284.58382987976074, 1000.0, 114.16302800263826 
286.18980050086975, 1000.0, 113.95763147757552 
287.7847716808319, 1000.0, 113.75367380795336 
289.7137360572815, 1000.0, 113.55113620733817 
291.3117070198059, 1000.0, 113.35911263926508 
292.9106779098511, 1000.0, 113.15929773459334 
294.5126488208771, 1000.0, 112.96984042178175 
296.1156196594238, 1000.0, 112.77268036837978 
298.0295841693878, 1000.0, 112.57685317247211 
299.6295552253723, 1000.0, 112.37353161916256 
301.23252630233765, 1000.0, 112.18037872748044 
303.14949131011963, 1000.0, 111.97981732118386 
304.7504622936249, 1000.0, 111.78063967039358 
306.3534333705902, 1000.0, 111.59140031619697 
307.95540475845337, 1000.0, 111.3948788328469 
309.55337595939636, 1000.0, 111.19968942962097 
311.4733409881592, 1000.0, 111.0058152666592 
313.0713119506836, 1000.0, 110.82158587556603 
314.6752829551697, 1000.0, 110.63023747895217 
316.27825379371643, 1000.0, 110.44015631942796 
318.19421887397766, 1000.0, 110.25132674042833 
319.801189661026, 1000.0, 110.06373336702342 
321.39816093444824, 1000.0, 109.87736109928787 
322.99913215637207, 1000.0, 109.69219510586225 
324.9160969257355, 1000.0, 109.50024874653003 
326.5190682411194, 1000.0, 109.3095837179676 
328.1160395145416, 1000.0, 109.12805065490537 
330.0410044193268, 1000.0, 108.93984893750955 
331.6419758796692, 1000.0, 108.76064799372121 
333.2399468421936, 1000.0, 108.5748505251928 
334.84091806411743, 1000.0, 108.39025864395958 
336.7638831138611, 1000.0, 108.21447586275073 
338.3588547706604, 1000.0, 108.0322028680053 
339.96282625198364, 1000.0, 107.85109300750253 
341.56179761886597, 1000.0, 107.67113242538969 
343.48176312446594, 1000.0, 107.48488091496196 
345.0877342224121, 1000.0, 107.30722475308775 
346.69070625305176, 1000.0, 107.1233448972888 
348.2856776714325, 1000.0, 106.94065334405039 
350.2036440372467, 1000.0, 106.7591357565027 
351.8126151561737, 1000.0, 106.57877804972662 
353.4105865955353, 1000.0, 106.3924215628995 
355.0045585632324, 1000.0, 106.21438736013678 
356.60553002357483, 1000.0, 106.04452702349224 
358.52549481391907, 1000.0, 105.86867283013368 
360.13246631622314, 1000.0, 105.69391167495459 
361.7284379005432, 1000.0, 105.5202308685733 
363.3264091014862, 1000.0, 105.35450210488528 
365.25437450408936, 1000.0, 105.17606061312433 
366.85234665870667, 1000.0, 105.00554683960922 
368.45831871032715, 1000.0, 104.83606475687422 
370.05229020118713, 1000.0, 104.6608852740095 
371.9732551574707, 1000.0, 104.48679615688829 
373.57422709465027, 1000.0, 104.3071517931837 
375.1781988143921, 1000.0, 104.13524631066795 
377.09916400909424, 1000.0, 103.95784291703647 
378.70013546943665, 1000.0, 103.79458081258834 
380.3001070022583, 1000.0, 103.62579691677311 
381.8970787525177, 1000.0, 103.46446390747732 
383.5000503063202, 1000.0, 103.2976640533255 
385.42301630973816, 1000.0, 103.13185889308772 
387.0189881324768, 1000.0, 102.96703734028425 
388.6169602870941, 1000.0, 102.79690588870912 
390.54292583465576, 1000.0, 102.62781138882498 
392.13789772987366, 1000.0, 102.45974202844849 
393.73986983299255, 1000.0, 102.2926861915141 
395.3418414592743, 1000.0, 102.12663245381194 
396.93981313705444, 1000.0, 101.9554750232362 
398.8567786216736, 1000.0, 101.79142803748832 
400.4607501029968, 1000.0, 101.62834958920322 
402.06272196769714, 1000.0, 101.46622898761402 
403.9886875152588, 1000.0, 101.30505571399215 
405.5876591205597, 1000.0, 101.14481941801994 
407.19163060188293, 1000.0, 100.9855099142589 
408.7856025695801, 1000.0, 100.82711717870792 
410.3915741443634, 1000.0, 100.6696313454512 
412.3045394420624, 1000.0, 100.51304270339068 
413.9055118560791, 1000.0, 100.35159191222462 
415.51148319244385, 1000.0, 100.18537017867035 
417.1074547767639, 1000.0, 100.02583043950531 
419.03042006492615, 1000.0, 99.86721396391627 
420.6283917427063, 1000.0, 99.70389526841461 
422.2313632965088, 1000.0, 99.54712758398237 
424.15532875061035, 1000.0, 99.39125331080837 
425.750301361084, 1000.0, 99.23074378295954 
427.3562731742859, 1000.0, 99.07665896848064 
428.9552447795868, 1000.0, 98.92343910659517 
430.555216550827, 1000.0, 98.76564925864237 
432.47418212890625, 1000.0, 98.61416227265875 
434.0751540660858, 1000.0, 98.46351308982808 
435.6741256713867, 1000.0, 98.31369304001686 
437.2800979614258, 1000.0, 98.16469358397373 
439.19306325912476, 1000.0, 98.01122882500636 
440.8000349998474, 1000.0, 97.85862609614435 
442.39300656318665, 1000.0, 97.70687633664429 
443.9959783554077, 1000.0, 97.5507819271379 
445.9219436645508, 1000.0, 97.40074012407419 
447.51791548728943, 1000.0, 97.2463939075106 
449.122887134552, 1000.0, 97.09292254855279 
450.72385931015015, 1000.0, 96.94538977817281 
452.6408245563507, 1000.0, 96.79361203607195 
454.2437963485718, 1000.0, 96.64268203744689 
455.8397681713104, 1000.0, 96.49758053445991 
457.4447395801544, 1000.0, 96.35325503341556 
459.36370515823364, 1000.0, 96.2096977648462 
460.96667742729187, 1000.0, 96.06199052292534 
462.5656497478485, 1000.0, 95.91997269614457 
464.164621591568, 1000.0, 95.77384195133209 
466.0855870246887, 1000.0, 95.62850073160183 
467.6805591583252, 1000.0, 95.48394105042301 
469.28853130340576, 1000.0, 95.33537540560422 
470.8845031261444, 1000.0, 95.19238070957559 
472.8104684352875, 1000.0, 95.04541578237064 
474.40644216537476, 1000.0, 94.89925195692226 
476.012442111969, 1000.0, 94.75388105682545 
477.61244225502014, 1000.0, 94.60929502745205 
479.534441947937, 1000.0, 94.46548593357119 
481.12544202804565, 1000.0, 94.32244595702986 
482.7314422130585, 1000.0, 94.1801673944878 
484.3314423561096, 1000.0, 94.04319628001787 
486.2534420490265, 1000.0, 93.90239392377077 
487.8524422645569, 1000.0, 93.7623307746719 
489.4514422416687, 1000.0, 93.62299956364775 
491.05544233322144, 1000.0, 93.48439312596122 
492.97644209861755, 1000.0, 93.34650439924556 
494.5764422416687, 1000.0, 93.20932642158729 
496.177442073822, 1000.0, 93.07285232965319 
497.77244210243225, 1000.0, 92.93707535685695 
499.69744205474854, 1000.0, 92.79764262276515 
501.291442155838, 1000.0, 92.66326191838964 
502.8854420185089, 1000.0, 92.52525657350168 
504.4994423389435, 1000.0, 92.38796576530372 
506.41744208335876, 1000.0, 92.25138256221916 
508.0144419670105, 1000.0, 92.11126502283119 
509.61944222450256, 1000.0, 91.97609820713515 
511.21544218063354, 1000.0, 91.84161857747816 
513.1404421329498, 1000.0, 91.70364926524752 
514.7394423484802, 1000.0, 91.57054542345719 
516.3394422531128, 1000.0, 91.43810920124812 
517.9394421577454, 1000.0, 91.30633432276412 
519.8594422340393, 1000.0, 91.17521459829265 
521.4594421386719, 1000.0, 91.0447439227124 
523.0624420642853, 1000.0, 90.91491627397912 
524.6614420413971, 1000.0, 90.78572571164091 
526.5834422111511, 1000.0, 90.65315900397096 
528.1894421577454, 1000.0, 90.52125725149378 
529.7864420413971, 1000.0, 90.3900142022305 
531.3874423503876, 1000.0, 90.25942369003937 
533.3104419708252, 1000.0, 90.12555196237352 
534.9114422798157, 1000.0, 89.99626767653254 
536.5074422359467, 1000.0, 89.86372910933667 
538.1044421195984, 1000.0, 89.73572666454939 
540.0254421234131, 1000.0, 89.60449647766006 
541.6254420280457, 1000.0, 89.47775215058034 
543.2324421405792, 1000.0, 89.35161896940792 
544.8324422836304, 1000.0, 89.22609140852444 
546.7494421005249, 1000.0, 89.10116401528508 
548.3554422855377, 1000.0, 88.97683140875472 
549.9504420757294, 1000.0, 88.84934763320246 
551.5564422607422, 1000.0, 88.72620636095232 
553.4674422740936, 1000.0, 88.59623446549722 
555.0734422206879, 1000.0, 88.47059383974141 
556.6684422492981, 1000.0, 88.34555648787193 
558.2774422168732, 1000.0, 88.22111697747627 
560.1914422512054, 1000.0, 88.09363630275897 
561.791442155838, 1000.0, 87.97039365358347 
563.3934421539307, 1000.0, 87.84413390320637 
564.9934420585632, 1000.0, 87.72206661660728 
566.9204421043396, 1000.0, 87.59700595127981 
568.5134420394897, 1000.0, 87.47609309040328 
570.1224420070648, 1000.0, 87.35221023917074 
571.7134420871735, 1000.0, 87.23243140977141 
573.6414420604706, 1000.0, 87.10970565068519 
575.2374420166016, 1000.0, 86.98755907115358 
576.8404421806335, 1000.0, 86.86598654369223 
578.4394421577454, 1000.0, 86.74498300713726 
580.3624420166016, 1000.0, 86.62454346552255 
581.9584419727325, 1000.0, 86.50808042962746 
583.5654420852661, 1000.0, 86.38873837817214 
585.1574420928955, 1000.0, 86.26994585051989 
587.0824420452118, 1000.0, 86.155069088888 
588.677442073822, 1000.0, 86.0339904357603 
590.2864420413971, 1000.0, 85.91347827725062 
591.8794422149658, 1000.0, 85.79685206390266 
593.8004422187805, 1000.0, 85.6774426435693 
595.4004421234131, 1000.0, 85.55858512281375 
597.0084421634674, 1000.0, 85.44355376965908 
598.6064419746399, 1000.0, 85.32577074599749 
600.5254421234131, 1000.0, 85.2085255720196 
602.1254420280457, 1000.0, 85.09181363852903 
603.7314422130585, 1000.0, 84.97563039405543 
605.3264420032501, 1000.0, 84.85997134390512 
607.2444422245026, 1000.0, 84.74483204923223 
608.8524422645569, 1000.0, 84.63020812612645 
610.4534420967102, 1000.0, 84.5160952447213 
612.0454421043396, 1000.0, 84.40248912831993 
613.9694421291351, 1000.0, 84.28938555253802 
615.5654420852661, 1000.0, 84.17678034446308 
617.1674423217773, 1000.0, 84.0615622042171 
618.7704420089722, 1000.0, 83.9499549728678 
620.6884422302246, 1000.0, 83.83575397990032 
622.2964422702789, 1000.0, 83.72206208944964 
623.8964421749115, 1000.0, 83.611927549123 
625.494441986084, 1000.0, 83.49922765854775 
627.4184420108795, 1000.0, 83.38702435616753 
629.0154421329498, 1000.0, 83.2753135339807 
630.6184420585632, 1000.0, 83.16709075734985 
632.2144420146942, 1000.0, 83.05335314577871 
634.1384420394897, 1000.0, 82.94309560900965 
635.7354421615601, 1000.0, 82.833314609396 
637.3404421806335, 1000.0, 82.72400627959016 
638.9414420127869, 1000.0, 82.61516679813296 
640.8574421405792, 1000.0, 82.50386977016288 
642.456442117691, 1000.0, 82.39596911827792 
644.0544421672821, 1000.0, 82.28562846798165 
645.6594421863556, 1000.0, 82.18730848475482 
647.5834422111511, 1000.0, 82.10087155886208 
649.1814420223236, 1000.0, 81.98607974348232 
650.7794423103333, 1000.0, 81.87180661137972 
652.376442193985, 1000.0, 81.75804776202804 
654.3034422397614, 1000.0, 81.64479884947713 
655.9024419784546, 1000.0, 81.53205558146631 
657.4974420070648, 1000.0, 81.41981371855351 
659.1004421710968, 1000.0, 81.335958847504 
661.0264420509338, 1000.0, 81.22458439818021 
662.6254420280457, 1000.0, 81.11369996092388 
664.2254421710968, 1000.0, 81.00330148689727 
665.8214421272278, 1000.0, 80.89338497617668 
667.7414422035217, 1000.0, 80.81126150252081 
669.3464419841766, 1000.0, 80.70217894712906 
670.9494421482086, 1000.0, 80.59356760118203 
672.5434422492981, 1000.0, 80.51241602126359 
674.472442150116, 1000.0, 80.40462011938044 
676.0724422931671, 1000.0, 80.2972850216316 
677.6564421653748, 1000.0, 80.19040702778133 
679.2724421024323, 1000.0, 80.11054630542795 
681.1854422092438, 1000.0, 80.00445947002008 
682.7894420623779, 1000.0, 79.89881978489417 
684.3914422988892, 1000.0, 79.79362370933572 
685.9854421615601, 1000.0, 79.6888677436328 
687.9114422798157, 1000.0, 79.58454842845244 
689.5084421634674, 1000.0, 79.48066234422788 
691.1124422550201, 1000.0, 79.37720611056196 
692.711442232132, 1000.0, 79.27417638563149 
694.6294422149658, 1000.0, 79.17156986561511 
696.2374420166016, 1000.0, 79.04390187488315 
697.8354423046112, 1000.0, 78.94223567930855 
699.4314422607422, 1000.0, 78.86625705497758 
701.3504421710968, 1000.0, 78.76531105674148 
702.9584419727325, 1000.0, 78.66477229480066 
704.552442073822, 1000.0, 78.56463768177065 
706.1604421138763, 1000.0, 78.46490416450752 
708.0794422626495, 1000.0, 78.36556872360667 
709.6824419498444, 1000.0, 78.2666283729146 
711.2774422168732, 1000.0, 78.168080159048 
712.8714423179626, 1000.0, 78.06992116092016 
714.8014421463013, 1000.0, 77.99655559590248 
716.4024419784546, 1000.0, 77.89907079194502 
717.9974420070648, 1000.0, 77.8019673335131 
719.5984420776367, 1000.0, 77.70524241657064 
721.5244421958923, 1000.0, 77.6088932672462 
723.1224420070648, 1000.0, 77.51291714140676 
724.7184419631958, 1000.0, 77.4173113242421 
726.3194422721863, 1000.0, 77.32207312984796 
728.2464420795441, 1000.0, 77.22719990082699 
729.8444421291351, 1000.0, 77.1091175941888 
731.4464421272278, 1000.0, 77.01505596609613 
733.3664419651031, 1000.0, 76.89797999022403 
735.2874422073364, 1000.0, 76.80471696460539 
737.206442117691, 1000.0, 76.68863126246012 
738.8084421157837, 1000.0, 76.59615414423355 
740.4104421138763, 1000.0, 76.50402232046702 
742.012442111969, 1000.0, 76.41223336695298 
743.9284422397614, 1000.0, 76.32078488438917 
745.5314421653748, 1000.0, 76.22967449804592 
747.1264419555664, 1000.0, 76.13889985743192 
748.7344419956207, 1000.0, 76.0484586359708 
750.6524422168732, 1000.0, 75.95834853068345 
752.2554421424866, 1000.0, 75.86856726186923 
753.8524422645569, 1000.0, 75.77911257279926 
755.4514422416687, 1000.0, 75.68998222941407 
757.3724422454834, 1000.0, 75.60117402001926 
758.972442150116, 1000.0, 75.49061342553075 
760.5704419612885, 1000.0, 75.40252204498074 
762.1734421253204, 1000.0, 75.31474576137418 
764.0924422740936, 1000.0, 75.2272824548574 
765.6944420337677, 1000.0, 75.11839025004521 
767.6124422550201, 1000.0, 75.00997973942262 
769.5374422073364, 1000.0, 74.9235954578254 
771.1404421329498, 1000.0, 74.81604193722588 
773.0624420642853, 1000.0, 74.7303381411925 
774.6534421443939, 1000.0, 74.6449335459594 
776.2634422779083, 1000.0, 74.5598261866029 
777.8584420681, 1000.0, 74.47501411708811 
779.7764422893524, 1000.0, 74.36941134704348 
781.3794422149658, 1000.0, 74.2852566607139 
782.9704420566559, 1000.0, 74.20139106721733 
784.5784420967102, 1000.0, 74.11781269818614 
786.5024421215057, 1000.0, 74.01374082855786 
788.1054420471191, 1000.0, 73.93080197456791 
790.0184421539307, 1000.0, 73.82752373686623 
791.9394421577454, 1000.0, 73.74521522576104 
793.5444421768188, 1000.0, 73.66318397328287 
795.461442232132, 1000.0, 73.58142822213057 
797.0664420127869, 1000.0, 73.47961830617632 
798.9814422130585, 1000.0, 73.37823277689321 
800.9014420509338, 1000.0, 73.29742767531036 
802.5084421634674, 1000.0, 73.19679768541471 
804.423442363739, 1000.0, 73.11659277015097 
806.0274422168732, 1000.0, 73.01670776321967 
807.6274423599243, 1000.0, 72.93709467582327 
809.2294421195984, 1000.0, 72.83794431063151 
811.1444420814514, 1000.0, 72.71949654072607 
813.3894422054291, 1000.0, 72.6016248261847 
815.6334421634674, 1000.0, 72.50383463908803 
817.8634421825409, 1000.0, 72.42588586014008 
819.4684422016144, 1000.0, 72.32880159717283 
821.0674421787262, 1000.0, 72.27073748514097 
822.6744420528412, 1000.0, 72.17427268098854 
824.2764422893524, 1000.0, 72.09737701377456 
826.1914422512054, 1000.0, 72.02072524414375 
827.7944419384003, 1000.0, 71.94431591598176 
829.398442029953, 1000.0, 71.86814758590623 
831.3114421367645, 1000.0, 71.77327389833094 
832.9134421348572, 1000.0, 71.69764260154331 
834.51944231987, 1000.0, 71.62224769802889 
836.1164422035217, 1000.0, 71.52833437890098 
838.0374422073364, 1000.0, 71.45346629309671 
839.6414420604706, 1000.0, 71.36020715972936 
841.2424421310425, 1000.0, 71.28585898565287 
842.8344421386719, 1000.0, 71.2117397014044 
844.4354422092438, 1000.0, 71.11941045248821 
846.3564422130585, 1000.0, 71.04580133709476 
847.9624421596527, 1000.0, 70.95410566233988 
849.5584421157837, 1000.0, 70.86275843833063 
851.1604421138763, 1000.0, 70.7717571737242 
853.0734422206879, 1000.0, 70.69920359528237 
854.6884422302246, 1000.0, 70.62686860224342 
856.2844421863556, 1000.0, 70.53675535869165 
857.8844420909882, 1000.0, 70.48284942294997 
859.8074421882629, 1000.0, 70.41116278762853 
861.4084422588348, 1000.0, 70.32185485011716 
863.0084421634674, 1000.0, 70.25064732517293 
864.6064419746399, 1000.0, 70.16193450277112 
866.5264420509338, 1000.0, 70.07354907499067 
868.1264419555664, 1000.0, 69.98548876810644 
869.7264420986176, 1000.0, 69.91527309646902 
871.6464419364929, 1000.0, 69.8103345374175 
873.5704419612885, 1000.0, 69.74063048203647 
875.4864420890808, 1000.0, 69.67112910718224 
877.0894420146942, 1000.0, 69.60182930299375 
878.6884422302246, 1000.0, 69.53272996851489 
880.6074421405792, 1000.0, 69.4294544608217 
882.8524422645569, 1000.0, 69.30952848490264 
885.0924422740936, 1000.0, 69.1902024198853 
887.0174422264099, 1000.0, 69.10533368068013 
888.9284422397614, 1000.0, 69.03765562537562 
890.5394423007965, 1000.0, 68.97016928469029 
892.1364421844482, 1000.0, 68.91967972626207 
893.7344419956207, 1000.0, 68.83576766361905 
895.6534421443939, 1000.0, 68.76885036136564 
897.2604422569275, 1000.0, 68.68546752915118 
898.8554422855377, 1000.0, 68.6023759985689 
900.454442024231, 1000.0, 68.51957385387192 
902.3774421215057, 1000.0, 68.43705919776464 
903.9834423065186, 1000.0, 68.35483015116792 
905.5834422111511, 1000.0, 68.2892513014877 
907.1784420013428, 1000.0, 68.2238531057715 
909.1024420261383, 1000.0, 68.15863462653846 
910.6984419822693, 1000.0, 68.0935949334356 
912.2974421977997, 1000.0, 68.02873310316829 
913.8994421958923, 1000.0, 67.94790453967315 
915.818442106247, 1000.0, 67.8834395610753 
917.4204421043396, 1000.0, 67.80310420013754 
919.0234422683716, 1000.0, 67.72304039201671 
920.6164422035217, 1000.0, 67.64324640842389 
922.5444421768188, 1000.0, 67.56372053718074 
924.1414420604706, 1000.0, 67.48446108202448 
925.7464420795441, 1000.0, 67.40546636241106 
927.3434422016144, 1000.0, 67.34246007690233 
929.2654421329498, 1000.0, 67.27962131082543 
930.8644421100616, 1000.0, 67.21694922499057 
932.7844421863556, 1000.0, 67.12325180111539 
934.711442232132, 1000.0, 67.0609927847232 
936.3124420642853, 1000.0, 66.99889755954469 
938.2274422645569, 1000.0, 66.92150762311287 
939.8334422111511, 1000.0, 66.84437076940627 
941.7534420490265, 1000.0, 66.73680138827686 
943.6734421253204, 1000.0, 66.66026560070888 
945.2634422779083, 1000.0, 66.58397765363316 
947.1884422302246, 1000.0, 66.52312472495863 
948.7934420108795, 1000.0, 66.44727909092128 
950.3824419975281, 1000.0, 66.37167709915747 
952.3174421787262, 1000.0, 66.28127424227814 
954.2334420681, 1000.0, 66.22119815925237 
956.1564421653748, 1000.0, 66.14631830202549 
957.7574422359467, 1000.0, 66.08658571784916 
959.6794421672821, 1000.0, 65.98241775360628 
961.5914423465729, 1000.0, 65.9230999947788 
963.2004420757294, 1000.0, 65.84916294624041 
965.115442276001, 1000.0, 65.77545810491829 
966.7154421806335, 1000.0, 65.71666049754053 
968.6334421634674, 1000.0, 65.62873956110012 
970.5554423332214, 1000.0, 65.5557231468251 
972.479442358017, 1000.0, 65.46840268680256 
974.3954422473907, 1000.0, 65.39588344552699 
976.318442106247, 1000.0, 65.33802930825692 
977.9244422912598, 1000.0, 65.26591211173921 
979.8394422531128, 1000.0, 65.17966380056002 
981.7634422779083, 1000.0, 65.10803230870276 
983.3654420375824, 1000.0, 65.0508846666672 
985.2844421863556, 1000.0, 64.99387637150929 
986.8864419460297, 1000.0, 64.92281098380184 
988.8064420223236, 1000.0, 64.85196108372548 
990.7234423160553, 1000.0, 64.79543548716228 
992.3274421691895, 1000.0, 64.72497036956939 
994.2424421310425, 1000.0, 64.64069205045186 
996.4894421100616, 1000.0, 64.5427505382015 
998.7304420471191, 1000.0, 64.45912677354907 
1000.9694421291351, 1000.0, 64.37580188161488 
1003.2154421806335, 1000.0, 64.3065913253719 
1004.8144421577454, 1000.0, 64.23758576878272 
1006.7334420681, 1000.0, 64.14132021237327 
1008.6544420719147, 1000.0, 64.07280200477943 
1010.2544419765472, 1000.0, 64.00448494485212 
1012.1724421977997, 1000.0, 63.936367919890145 
1013.7784421443939, 1000.0, 63.868449826214146 
1015.693442106247, 1000.0, 63.7872091623088 
1017.6174421310425, 1000.0, 63.7332060625326 
1019.2134420871735, 1000.0, 63.66587822941308 
1021.1404421329498, 1000.0, 63.58534161467665 
1023.3734421730042, 1000.0, 63.50508340120746 
1025.621442079544, 1000.0, 63.41179826973578 
1027.8594422340393, 1000.0, 63.33213706352461 
1030.1024420261383, 1000.0, 63.26596112771253 
1032.342442035675, 1000.0, 63.199973562008466 
1034.5834422111511, 1000.0, 63.10790550927561 
1036.8234422206879, 1000.0, 63.02928023452499 
1039.065442085266, 1000.0, 62.93788690844828 
1041.2974421977997, 1000.0, 62.8598359719215 
1043.543442249298, 1000.0, 62.76910809016307 
1045.780442237854, 1000.0, 62.67873474536964 
1048.0224421024323, 1000.0, 62.58871332887364 
1050.26744222641, 1000.0, 62.511830264069914 
1052.5044422149658, 1000.0, 62.422455603338875 
1054.7414422035217, 1000.0, 62.346123142572296 
1056.9834423065186, 1000.0, 62.27004230075782 
1059.2234423160553, 1000.0, 62.19421151522684 
1061.4624421596527, 1000.0, 62.13120909161681 
1063.7014420032501, 1000.0, 62.055832731088614 
1065.9484422206879, 1000.0, 61.980702075950774 
1068.184442281723, 1000.0, 61.90581561713239 
1070.432442188263, 1000.0, 61.81875472446944 
1072.671442270279, 1000.0, 61.732021823441315 
1074.9124422073364, 1000.0, 61.645614586854265 
1077.1484422683716, 1000.0, 61.559530711704056 
1079.3884422779083, 1000.0, 61.48600017403615 
1081.6334421634674, 1000.0, 61.40051079839006 
1083.8724422454834, 1000.0, 61.32748651070271 
1086.1164422035217, 1000.0, 61.25469366129954 
1088.3564422130585, 1000.0, 61.18213086794324 
1090.5954422950745, 1000.0, 61.10979676049429 
1092.836442232132, 1000.0, 61.04969204802714 
1095.075442314148, 1000.0, 60.977773679113014 
1097.3194422721863, 1000.0, 60.8941530307675 
1099.559442281723, 1000.0, 60.810836351097265 
1101.7974421977997, 1000.0, 60.727821558670925 
1104.0394423007965, 1000.0, 60.65690473741421 
1106.2814421653748, 1000.0, 60.58620691111095 
1108.525442123413, 1000.0, 60.51572680521198 
1110.7604422569275, 1000.0, 60.44546315604002 
1113.0044422149658, 1000.0, 60.36376080498057 
1115.2474422454834, 1000.0, 60.28234939930955 
1117.48544216156, 1000.0, 60.21279828313688 
1119.7284421920776, 1000.0, 60.14345827045287 
1121.6494421958923, 1000.0, 60.08583531455163 
1123.5634422302246, 1000.0, 60.0398414313766 
1125.1704421043396, 1000.0, 59.982479100439136 
1127.0854420661926, 1000.0, 59.90241332081388 
1129.0084421634674, 1000.0, 59.84539504293643 
1130.60644197464, 1000.0, 59.788518971818476 
1132.5324420928955, 1000.0, 59.73178443861708 
1134.1254420280457, 1000.0, 59.6751907791012 
1136.0394423007965, 1000.0, 59.59619506844456 
1137.9764420986176, 1000.0, 59.53993682298396 
1139.8914422988892, 1000.0, 59.46140806558205 
1142.1334421634674, 1000.0, 59.383149295517 
1144.3714423179626, 1000.0, 59.3162839113502 
1146.6174421310425, 1000.0, 59.238521918534786 
1148.8504421710968, 1000.0, 59.18314000314814 
1150.7794423103333, 1000.0, 59.127892687627664 
1152.6984419822693, 1000.0, 59.08379133236626 
1154.296442270279, 1000.0, 59.028784744609155 
1156.2194421291351, 1000.0, 58.95199862901906 
1158.1414420604706, 1000.0, 58.897309943615795 
1160.0584421157837, 1000.0, 58.8209664636945 
1162.2974421977997, 1000.0, 58.74487896712421 
1164.2194421291351, 1000.0, 58.69068658317295 
1166.1404421329498, 1000.0, 58.61503416022276 
1168.3794422149658, 1000.0, 58.550389561231796 
1170.6224420070648, 1000.0, 58.485928837311334 
1172.863442182541, 1000.0, 58.4109557419154 
1175.10644197464, 1000.0, 58.34689004140502 
1177.3444421291351, 1000.0, 58.27237514090629 
1179.5874421596527, 1000.0, 58.20869991283409 
1181.8284420967102, 1000.0, 58.15577377329011 
1183.4214420318604, 1000.0, 58.102971186262536 
1185.3453381061554, 1000.0, 58.03977040534345 
1187.2642140388489, 1000.0, 57.987237723660954 
1189.1880900859833, 1000.0, 57.924359266115104 
1191.4219405651093, 1000.0, 57.86165531472524 
1193.666791677475, 1000.0, 57.799124956255866 
1195.5856676101685, 1000.0, 57.73676728447994 
1197.5035438537598, 1000.0, 57.66423372483675 
1199.7493941783905, 1000.0, 57.60224713165732 
1201.9852452278137, 1000.0, 57.540430400887004 
1204.2260956764221, 1000.0, 57.4890455811105 
1206.4599471092224, 1000.0, 57.437777607211714 
1208.0658485889435, 1000.0, 57.39684702017122 
1209.9907245635986, 1000.0, 57.33559019515681 
1211.9056012630463, 1000.0, 57.28466976391722 
1213.50750374794, 1000.0, 57.23386419233415 
1215.4253804683685, 1000.0, 57.16292842625059 
1217.6752309799194, 1000.0, 57.09221549629851 
1219.907082080841, 1000.0, 57.03178077223039 
1222.1469333171844, 1000.0, 56.97150797046315 
1223.7528347969055, 1000.0, 56.9214037358299 
1225.6707119941711, 1000.0, 56.85144486709491 
1227.5975878238678, 1000.0, 56.80160722582983 
1229.5114653110504, 1000.0, 56.741947599316745 
1231.750316619873, 1000.0, 56.67254437012578 
1233.9931676387787, 1000.0, 56.603354975648585 
1236.2200198173523, 1000.0, 56.544219033512675 
1238.4718699455261, 1000.0, 56.47542347321718 
1240.386747598648, 1000.0, 56.42641262168347 
1242.3136246204376, 1000.0, 56.37750863055851 
1244.560474872589, 1000.0, 56.32871106021153 
1246.7943267822266, 1000.0, 56.26057241713171 
1249.0391781330109, 1000.0, 56.18295251721585 
1251.2780294418335, 1000.0, 56.10560062093083 
1253.513881444931, 1000.0, 56.03813618690019 
1255.7627317905426, 1000.0, 55.98047090284555 
1258.0015835762024, 1000.0, 55.92295381512126 
1260.2384357452393, 1000.0, 55.86558420531851 
1262.4762878417969, 1000.0, 55.8178883391308 
1264.7251381874084, 1000.0, 55.76078725656669 
1266.955990076065, 1000.0, 55.703831644011785 
1269.204841375351, 1000.0, 55.64702080238001 
1271.4446926116943, 1000.0, 55.580923535696 
1273.6835436820984, 1000.0, 55.50562252767911 
1275.919395685196, 1000.0, 55.43994181323629 
1278.159247636795, 1000.0, 55.37445379549722 
1280.4060990810394, 1000.0, 55.30915740835445 
1282.648950099945, 1000.0, 55.24405159434953 
1284.8868021965027, 1000.0, 55.17913530458026 
1287.1266539096832, 1000.0, 55.12364282741801 
1289.3645062446594, 1000.0, 55.068288177712105 
1291.6043581962585, 1000.0, 55.01307070964313 
1293.8432099819183, 1000.0, 54.957989781829255 
1296.0920622348785, 1000.0, 54.91219285055274 
1298.332914352417, 1000.0, 54.85736059530221 
1300.5707740783691, 1000.0, 54.7935598918549 
1302.8126270771027, 1000.0, 54.72994160241201 
1305.0514795780182, 1000.0, 54.666504743345214 
1307.2933325767517, 1000.0, 54.60324833880114 
1309.5301852226257, 1000.0, 54.540171420625825 
1311.7680382728577, 1000.0, 54.4862476189506 
1314.0148911476135, 1000.0, 54.42350148995574 
1316.2517437934875, 1000.0, 54.360932122879504 
1318.491596698761, 1000.0, 54.29853857851806 
1320.7334492206573, 1000.0, 54.236319924985295 
1322.9793014526367, 1000.0, 54.174275237640686 
1325.2181539535522, 1000.0, 54.130063605231186 
1327.454006910324, 1000.0, 54.08593993069903 
1329.6978597640991, 1000.0, 54.04190388374238 
1331.9357125759125, 1000.0, 53.980400007245265 
1334.1795654296875, 1000.0, 53.919066341843916 
1336.4174180030823, 1000.0, 53.84917800648765 
1338.6632709503174, 1000.0, 53.77950951189081 
1340.9031238555908, 1000.0, 53.71872889185491 
1343.1399772167206, 1000.0, 53.666763731292235 
1345.3768310546875, 1000.0, 53.6321879621883 
1347.615683555603, 1000.0, 53.589044100265966 
1349.8575365543365, 1000.0, 53.5373823024415 
1352.0993893146515, 1000.0, 53.46868711697674 
1354.3382427692413, 1000.0, 53.40875344078549 
1356.5810956954956, 1000.0, 53.340456248850245 
1358.8249492645264, 1000.0, 53.28086891134396 
1361.0678029060364, 1000.0, 53.22144190633253 
1363.3016567230225, 1000.0, 53.162174419964686 
1365.549509525299, 1000.0, 53.11993771790404 
1367.7803637981415, 1000.0, 53.07778169813629 
1370.0242173671722, 1000.0, 53.027300565482676 
1372.2690708637238, 1000.0, 52.97693469658776 
1374.5099244117737, 1000.0, 52.92668359477031 
1376.7427790164948, 1000.0, 52.85985979966277 
1378.9916324615479, 1000.0, 52.78492441632338 
1381.231486082077, 1000.0, 52.72681703403859 
1383.457340478897, 1000.0, 52.677132426410964 
1385.7121925354004, 1000.0, 52.62755967082225 
1387.9450469017029, 1000.0, 52.586334140746956 
1390.1849007606506, 1000.0, 52.53696521507476 
1392.4287543296814, 1000.0, 52.48770680261569 
1394.668607711792, 1000.0, 52.43855843646635 
1396.911461353302, 1000.0, 52.38951965261609 
1399.1563148498535, 1000.0, 52.332445622926315 
1401.3961684703827, 1000.0, 52.283642689227534 
1403.6310229301453, 1000.0, 52.22684256799003 
1405.867877483368, 1000.0, 52.17827334844719 
1408.1127316951752, 1000.0, 52.121744660259935 
1410.3475861549377, 1000.0, 52.07340704720022 
1412.5924406051636, 1000.0, 52.01714734941716 
1414.8312950134277, 1000.0, 51.953026642702596 
1417.0701487064362, 1000.0, 51.88909277420984 
1419.310003042221, 1000.0, 51.83330309749411 
1421.552856683731, 1000.0, 51.77765499965345 
1423.7957100868225, 1000.0, 51.730068801269894 
1426.0385653972626, 1000.0, 51.69049240685746 
1428.2734205722809, 1000.0, 51.643094893473844 
1430.512274980545, 1000.0, 51.59579970390935 
1432.7531292438507, 1000.0, 51.54860642118912 
1434.9979836940765, 1000.0, 51.501514630832546 
1437.2368381023407, 1000.0, 51.45452392083382 
1439.4756925106049, 1000.0, 51.39982863392645 
1441.71954703331, 1000.0, 51.353055529626104 
1443.9624013900757, 1000.0, 51.29084655267049 
1446.1962566375732, 1000.0, 51.23655847936051 
1448.4341118335724, 1000.0, 51.17467958285221 
1450.679966211319, 1000.0, 51.120678882130235 
1452.9238204956055, 1000.0, 51.066811306090045 
1455.1576766967773, 1000.0, 51.01307623539584 
1457.397531747818, 1000.0, 50.97477482686776 
1459.6343870162964, 1000.0, 50.92890164685183 
1461.8822412490845, 1000.0, 50.89074749526917 
1464.1200966835022, 1000.0, 50.85265992520563 
1466.3599517345428, 1000.0, 50.8070424198784 
1468.6048069000244, 1000.0, 50.75394227309815 
1470.8396620750427, 1000.0, 50.69341426856198 
1473.0785171985626, 1000.0, 50.63305382172784 
1475.3243718147278, 1000.0, 50.58037519228519 
1477.5642268657684, 1000.0, 50.52782359701864 
1479.8060820102692, 1000.0, 50.47539845776191 
1482.0429382324219, 1000.0, 50.42309920020982 
1484.286806344986, 1000.0, 50.38581934194636 
1486.5277519226074, 1000.0, 50.34116761421794 
1488.7626976966858, 1000.0, 50.30402768499104 
1491.0026438236237, 1000.0, 50.25954327654689 
1493.2505896091461, 1000.0, 50.22254228626272 
1495.4885354042053, 1000.0, 50.17084640833491 
1497.728481054306, 1000.0, 50.11191548768021 
1499.967426776886, 1000.0, 50.0531438708249 
1502.2033729553223, 1000.0, 50.001848746045155 
1504.4513182640076, 1000.0, 49.950674425497965 
1506.686264038086, 1000.0, 49.89962037218625 
1508.9302098751068, 1000.0, 49.85595507347095 
1511.1661562919617, 1000.0, 49.805122960835575 
1513.4111020565033, 1000.0, 49.76164711548161 
1515.6510479450226, 1000.0, 49.71103512565075 
1517.5750031471252, 1000.0, 49.67495584622178 
1519.4959588050842, 1000.0, 49.6317397679658 
1521.7369048595428, 1000.0, 49.581429603021604 
1523.9688513278961, 1000.0, 49.538399315420236 
1526.2047975063324, 1000.0, 49.48830502574198 
1528.4557430744171, 1000.0, 49.445459023756186 
1530.6936893463135, 1000.0, 49.40269757400533 
1532.9316358566284, 1000.0, 49.36002036143502 
1535.180581331253, 1000.0, 49.31742707271205 
1537.4155278205872, 1000.0, 49.281996549067586 
1539.6614737510681, 1000.0, 49.246623910003564 
1541.8994200229645, 1000.0, 49.2042528993333 
1544.1353664398193, 1000.0, 49.16196467817106 
1546.3813123703003, 1000.0, 49.11273264947364 
1548.6202585697174, 1000.0, 49.070622759912325 
1550.8562052249908, 1000.0, 49.021597955693224 
1553.101151227951, 1000.0, 48.965705376716514 
1555.3400976657867, 1000.0, 48.91691763638937 
1557.585043668747, 1000.0, 48.861294749749305 
1559.8239901065826, 1000.0, 48.812741914222585 
1562.0549366474152, 1000.0, 48.76429797016853 
1564.3078825473785, 1000.0, 48.722860908724215 
1566.538829088211, 1000.0, 48.674617970709164 
1568.7877752780914, 1000.0, 48.633352524518486 
1571.0247220993042, 1000.0, 48.592165832639324 
1573.264668226242, 1000.0, 48.5510576112423 
1575.5026144981384, 1000.0, 48.51002757799979 
1577.7495605945587, 1000.0, 48.46225765244114 
1579.988507270813, 1000.0, 48.42139606541801 
1582.2214543819427, 1000.0, 48.373821898026875 
1584.46440076828, 1000.0, 48.32635251152749 
1586.704346895218, 1000.0, 48.28574753265718 
1588.9472932815552, 1000.0, 48.23847158533529 
1591.190239906311, 1000.0, 48.19803177287778 
1593.4311861991882, 1000.0, 48.15766776311082 
1595.6731324195862, 1000.0, 48.11737928769848 
1597.909080028534, 1000.0, 48.07716607969863 
1600.153032541275, 1000.0, 48.050398958398446 
1602.3899800777435, 1000.0, 48.016986813567726 
