# tiempo [s], press [mBar], Temp [C]
0.0, 1000.0, 24.98817188007999 
1.595921516418457, 1000.0, 24.98817188007999 
3.5187604427337646, 1000.0, 24.966768999999857 
5.441594839096069, 1000.0, 24.924035278002606 
6.72348690032959, 1000.0, 24.902704334171773 
8.325350046157837, 1000.0, 24.881397267442196 
10.565189123153687, 1000.0, 24.881397267442196 
12.485024213790894, 1000.0, 24.902704334171773 
14.080889225006104, 1000.0, 24.966768999999857 
15.683753490447998, 1000.0, 25.160266168617028 
17.283618211746216, 1000.0, 25.443275344810132 
19.20345449447632, 1000.0, 25.797452841684077 
20.80931854248047, 1000.0, 26.04254784999057 
22.401182651519775, 1000.0, 26.30916842016586 
24.007046937942505, 1000.0, 26.682220304057978 
25.92888307571411, 1000.0, 27.055496717476103 
27.52774691581726, 1000.0, 27.43128347237061 
29.12861132621765, 1000.0, 27.799649269806025 
30.730475425720215, 1000.0, 28.167584226342342 
32.64931058883667, 1000.0, 28.534911804395648 
34.2521755695343, 1000.0, 28.89882260191439 
35.85404062271118, 1000.0, 29.26164715310736 
37.44690656661987, 1000.0, 29.620456851989616 
39.37174201011658, 1000.0, 29.980432060488738 
40.97460675239563, 1000.0, 30.335851164708885 
42.57147288322449, 1000.0, 30.6920772306905 
44.174336671829224, 1000.0, 31.04609376280277 
46.09017324447632, 1000.0, 31.397647825396888 
47.69603705406189, 1000.0, 31.752545560649224 
49.28790283203125, 1000.0, 32.10157325492355 
50.896767139434814, 1000.0, 32.450574824984415 
52.8136031627655, 1000.0, 32.79942588201669 
54.410468339920044, 1000.0, 33.14799593498728 
56.01533246040344, 1000.0, 33.492835210122564 
57.613197565078735, 1000.0, 33.84036842449433 
59.53403353691101, 1000.0, 34.18376066099023 
61.13989782333374, 1000.0, 34.529654937356355 
62.7327618598938, 1000.0, 34.87096838942557 
64.33362674713135, 1000.0, 35.21817815111896 
66.2544629573822, 1000.0, 35.56045990497327 
67.85732817649841, 1000.0, 35.901178540201215 
69.45919299125671, 1000.0, 36.24394107477141 
71.06105613708496, 1000.0, 36.58487878826455 
72.97789335250854, 1000.0, 36.923787638300155 
74.58075833320618, 1000.0, 37.26445035848141 
76.182621717453, 1000.0, 37.60278695652937 
77.78248572349548, 1000.0, 37.942701930425784 
79.70032095909119, 1000.0, 38.279970337311795 
81.30518412590027, 1000.0, 38.614353769266785 
82.90404844284058, 1000.0, 38.94560630112326 
84.50391244888306, 1000.0, 39.282289762947045 
86.42074775695801, 1000.0, 39.615612311032066 
88.02161169052124, 1000.0, 39.94986075600596 
89.62747478485107, 1000.0, 40.28961024859717 
91.21934080123901, 1000.0, 40.62562271737056 
93.1441752910614, 1000.0, 40.957611201454284 
94.74704027175903, 1000.0, 41.290138613092324 
96.34790444374084, 1000.0, 41.61326432818288 
97.94876837730408, 1000.0, 41.94148339844358 
99.8696038722992, 1000.0, 42.26985746076727 
101.46646785736084, 1000.0, 42.598301853808096 
103.06633186340332, 1000.0, 42.92672807361018 
104.6641960144043, 1000.0, 43.249707304405746 
106.58503127098083, 1000.0, 43.57773185060478 
108.18389558792114, 1000.0, 43.90544758207325 
109.78475952148438, 1000.0, 44.227159660008994 
111.38762354850769, 1000.0, 44.55385184459469 
113.30645895004272, 1000.0, 44.87990670731263 
114.90732312202454, 1000.0, 45.19935337639198 
116.5111870765686, 1000.0, 45.52368506000052 
118.11105132102966, 1000.0, 45.840978527946774 
120.03088665008545, 1000.0, 46.16307494493242 
121.63175058364868, 1000.0, 46.47768121544789 
123.22661566734314, 1000.0, 46.80330233128761 
124.83047986030579, 1000.0, 47.127551644506184 
126.74931502342224, 1000.0, 47.450280978448546 
128.34917902946472, 1000.0, 47.77793958776468 
129.95604252815247, 1000.0, 48.09726329190181 
131.5499074459076, 1000.0, 48.42139606541801 
133.47274255752563, 1000.0, 48.7435694996323 
135.06860780715942, 1000.0, 49.06361240860441 
136.67747282981873, 1000.0, 49.381348457695694 
138.2713384628296, 1000.0, 49.696596213310954 
140.19717407226562, 1000.0, 50.01649214544783 
141.79003977775574, 1000.0, 50.32630403631484 
143.39290475845337, 1000.0, 50.64058974424698 
144.99476981163025, 1000.0, 50.95182618860527 
146.91960501670837, 1000.0, 51.25980829443651 
148.51447081565857, 1000.0, 51.57219035015714 
150.11733603477478, 1000.0, 51.87313838003219 
151.71920108795166, 1000.0, 52.17827334844719 
153.31506609916687, 1000.0, 52.47950777871954 
155.24290227890015, 1000.0, 52.78492441632338 
156.84276819229126, 1000.0, 53.09463444282399 
158.4426338672638, 1000.0, 53.40020473882038 
160.0355007648468, 1000.0, 53.7013936107022 
161.95633792877197, 1000.0, 54.006737917230936 
163.5562038421631, 1000.0, 54.31634741885841 
165.15606951713562, 1000.0, 54.61227395656209 
167.0769066810608, 1000.0, 54.92134470424551 
168.6817717552185, 1000.0, 55.225484789437104 
170.28563690185547, 1000.0, 55.52442398955955 
171.88650250434875, 1000.0, 55.827419378505255 
173.80333971977234, 1000.0, 56.13457628643711 
175.40320563316345, 1000.0, 56.42641262168347 
177.0040717124939, 1000.0, 56.73201971300111 
178.60393738746643, 1000.0, 57.021724082837096 
180.2098023891449, 1000.0, 57.32539689657109 
182.13063955307007, 1000.0, 57.6125664107164 
183.72250652313232, 1000.0, 57.91389651381749 
185.32237219810486, 1000.0, 58.21930001517275 
186.92223811149597, 1000.0, 58.50739537575264 
188.84607529640198, 1000.0, 58.810081186767576 
190.44894123077393, 1000.0, 59.094808649415725 
192.0448079109192, 1000.0, 59.39431265644744 
193.64467477798462, 1000.0, 59.686498272839046 
195.56551265716553, 1000.0, 59.971023915809994 
197.16537952423096, 1000.0, 60.27074283508945 
198.76324725151062, 1000.0, 60.56268941394829 
200.37211298942566, 1000.0, 60.84650641285772 
202.28695106506348, 1000.0, 61.14593531364525 
203.8888177871704, 1000.0, 61.4371101668831 
205.4876847267151, 1000.0, 61.732021823441315 
207.08655071258545, 1000.0, 62.01823678498302 
209.01538681983948, 1000.0, 62.320734981769334 
210.610253572464, 1000.0, 62.60155208270689 
212.21711945533752, 1000.0, 62.88582371121973 
214.13495755195618, 1000.0, 63.1736310527305 
215.73082447052002, 1000.0, 63.451731697060794 
217.33469033241272, 1000.0, 63.7332060625326 
218.93155717849731, 1000.0, 64.00448494485212 
220.85039401054382, 1000.0, 64.27896456705867 
222.45725989341736, 1000.0, 64.55671703173917 
224.0571267604828, 1000.0, 64.83781685371362 
225.65799379348755, 1000.0, 65.1223410676298 
227.25886058807373, 1000.0, 65.39588344552699 
229.17469954490662, 1000.0, 65.67265882196915 
230.7705671787262, 1000.0, 65.9527401422101 
232.37543296813965, 1000.0, 66.22119815925237 
233.9712998867035, 1000.0, 66.4927571393823 
235.897136926651, 1000.0, 66.78284245814164 
237.49900364875793, 1000.0, 67.0609927847232 
239.09387063980103, 1000.0, 67.34246007690233 
240.6967372894287, 1000.0, 67.62731983969533 
242.62257528305054, 1000.0, 67.8995393728367 
244.2164421081543, 1000.0, 68.17492244892655 
245.8203089237213, 1000.0, 68.45353922035474 
247.4171757698059, 1000.0, 68.71878559793323 
249.34301352500916, 1000.0, 68.98702295269224 
250.94288039207458, 1000.0, 69.24126906718425 
252.54176998138428, 1000.0, 69.5154863301102 
254.13772583007812, 1000.0, 69.77545710494441 
256.0576717853546, 1000.0, 70.03828606427787 
257.66562819480896, 1000.0, 70.30403312266611 
259.9065728187561, 1000.0, 70.64493192610745 
261.50252866744995, 1000.0, 70.91752509875037 
264.0644552707672, 1000.0, 71.26730775818314 
265.6634109020233, 1000.0, 71.52833437890098 
268.5483281612396, 1000.0, 71.96339559828564 
270.14128398895264, 1000.0, 72.21281243474209 
272.3832206726074, 1000.0, 72.56246135492454 
273.9881763458252, 1000.0, 72.83794431063151 
275.58213210105896, 1000.0, 73.09658286429435 
277.19008779525757, 1000.0, 73.35800630404755 
282.27895879745483, 1000.0, 74.11781269818614 
283.9039235115051, 1000.0, 74.36941134704348 
289.67275404930115, 1000.0, 75.2272824548574 
291.2657105922699, 1000.0, 75.46856092333272 
292.8676664829254, 1000.0, 75.71223452918393 
294.47262239456177, 1000.0, 75.9808451399298 
296.39256858825684, 1000.0, 76.22967449804592 
297.9905242919922, 1000.0, 76.4810430321482 
299.5924804210663, 1000.0, 76.71180478076171 
301.19543623924255, 1000.0, 76.96815900681123 
303.1133828163147, 1000.0, 77.22719990082699 
304.71033906936646, 1000.0, 77.46506811278194 
306.3172950744629, 1000.0, 77.72938830974915 
307.9172511100769, 1000.0, 77.97214848927813 
309.83719778060913, 1000.0, 78.21730543219766 
311.43215441703796, 1000.0, 78.46490416450752 
313.03611063957214, 1000.0, 78.68986897631298 
314.6340665817261, 1000.0, 78.94223567930855 
316.5590133666992, 1000.0, 79.17156986561511 
318.15597009658813, 1000.0, 79.40303005389815 
319.75292682647705, 1000.0, 79.63665371937486 
321.35488295555115, 1000.0, 79.87247931501128 
323.27682971954346, 1000.0, 80.11054630542795 
324.88178634643555, 1000.0, 80.35089520228013 
326.4817433357239, 1000.0, 80.59356760118203 
328.0826995372772, 1000.0, 80.83860622026359 
330.0036461353302, 1000.0, 81.05844022963967 
331.59660267829895, 1000.0, 81.30806907325999 
333.20455861091614, 1000.0, 81.53205558146631 
334.7975149154663, 1000.0, 81.75804776202804 
336.7194616794586, 1000.0, 81.98607974348232 
338.32341980934143, 1000.0, 82.2450975202575 
339.92237639427185, 1000.0, 82.47758135540369 
341.51833295822144, 1000.0, 82.71221731343289 
343.44027972221375, 1000.0, 82.94904325770958 
345.04323625564575, 1000.0, 83.18809803732675 
346.63819313049316, 1000.0, 83.39913062752618 
348.2431492805481, 1000.0, 83.64247276140935 
350.161096572876, 1000.0, 83.89124736267466 
352.07504415512085, 1000.0, 84.09887331700008 
353.67500042915344, 1000.0, 84.32703116525585 
355.28495693206787, 1000.0, 84.55090910758787 
357.1929042339325, 1000.0, 84.77676330412271 
358.8098602294922, 1000.0, 85.00140343471399 
360.40381717681885, 1000.0, 85.22477763248685 
362.00077390670776, 1000.0, 85.44683324285441 
363.9257206916809, 1000.0, 85.67082501358294 
365.52567744255066, 1000.0, 85.89011071907183 
367.125634431839, 1000.0, 86.11128057789719 
368.73259115219116, 1000.0, 86.33436532440408 
370.6445381641388, 1000.0, 86.55254840383213 
372.25249457359314, 1000.0, 86.77259105536757 
373.8444514274597, 1000.0, 86.99104098274934 
375.4454081058502, 1000.0, 87.207839675213 
377.36635541915894, 1000.0, 87.42646887186412 
378.9743118286133, 1000.0, 87.64338671663828 
380.5682690143585, 1000.0, 87.85853256373048 
382.16822576522827, 1000.0, 88.07547569303401 
384.0901732444763, 1000.0, 88.29058332711656 
385.69412994384766, 1000.0, 88.50379271827819 
387.2860870361328, 1000.0, 88.71876191103652 
388.89504384994507, 1000.0, 88.93176598009293 
390.81499099731445, 1000.0, 89.14274012802287 
392.40994811058044, 1000.0, 89.35543226131782 
394.0159046649933, 1000.0, 89.56602423486635 
395.61286187171936, 1000.0, 89.7744492748495 
397.53780913352966, 1000.0, 89.98454610377507 
399.13876605033875, 1000.0, 90.19634015093747 
400.73972272872925, 1000.0, 90.40588757464148 
402.3366799354553, 1000.0, 90.60911817975828 
404.26062750816345, 1000.0, 90.8179639472177 
405.8585846424103, 1000.0, 91.02441611744463 
407.4535415172577, 1000.0, 91.22840336425541 
409.0584981441498, 1000.0, 91.43398125814714 
410.97944593429565, 1000.0, 91.64117331058884 
412.58240270614624, 1000.0, 91.84581072943038 
414.182359457016, 1000.0, 92.04781959547918 
415.7833161354065, 1000.0, 92.25564014462375 
417.6972634792328, 1000.0, 92.45652228786221 
419.2972204685211, 1000.0, 92.6589383660318 
420.90517711639404, 1000.0, 92.8585543829553 
422.5011336803436, 1000.0, 93.05529369013138 
424.42108130455017, 1000.0, 93.25792155581553 
426.02303814888, 1000.0, 93.45319447772852 
427.6259949207306, 1000.0, 93.64991010980243 
429.2269515991211, 1000.0, 93.84808864209609 
431.14789938926697, 1000.0, 94.04319628001787 
432.7498559951782, 1000.0, 94.2443284315122 
434.3508129119873, 1000.0, 94.44236315121076 
435.94676995277405, 1000.0, 94.63721854057974 
437.8727173805237, 1000.0, 94.8335028806681 
439.472674369812, 1000.0, 95.02651109297018 
441.07263135910034, 1000.0, 95.22091876408697 
442.6685883998871, 1000.0, 95.41674510726996 
444.5955355167389, 1000.0, 95.60918112482463 
446.1884927749634, 1000.0, 95.80300468061816 
447.79245018959045, 1000.0, 95.99823471563279 
449.3884072303772, 1000.0, 96.19489055234301 
450.98736453056335, 1000.0, 96.38802159330112 
452.9153118133545, 1000.0, 96.57754007226103 
454.51426887512207, 1000.0, 96.76839840625604 
456.11322593688965, 1000.0, 96.96061452357375 
457.7141830921173, 1000.0, 97.14909438924965 
459.6391305923462, 1000.0, 97.33889605456255 
461.2350881099701, 1000.0, 97.52485332436612 
462.8330452442169, 1000.0, 97.71209498541342 
464.7579927444458, 1000.0, 97.89538280076766 
466.35794973373413, 1000.0, 98.08520707021401 
467.9529073238373, 1000.0, 98.27103840301274 
469.56186413764954, 1000.0, 98.45278426282081 
471.4748122692108, 1000.0, 98.64115182224228 
473.0827693939209, 1000.0, 98.81995646487923 
474.6807267665863, 1000.0, 99.00541416269675 
476.27568435668945, 1000.0, 99.18663075451359 
477.87564158439636, 1000.0, 99.36905793181283 
479.80158948898315, 1000.0, 99.54712758398237 
481.3985471725464, 1000.0, 99.726364145689 
483.0035047531128, 1000.0, 99.90112598813528 
484.9164528846741, 1000.0, 100.08270240703695 
486.523410320282, 1000.0, 100.25975886854937 
488.1233675479889, 1000.0, 100.44373323299703 
489.7203252315521, 1000.0, 100.6231416099406 
491.3222830295563, 1000.0, 100.80372895472517 
493.24323081970215, 1000.0, 100.99139385653638 
494.84018874168396, 1000.0, 101.16257749850517 
496.4491457939148, 1000.0, 101.34079066183179 
498.04810333251953, 1000.0, 101.52016341353696 
499.9630515575409, 1000.0, 101.69467273067265 
501.57000946998596, 1000.0, 101.86421759458116 
503.16596722602844, 1000.0, 102.04092131109986 
505.0829153060913, 1000.0, 102.21260999830864 
506.6828730106354, 1000.0, 102.37918192861925 
508.28983092308044, 1000.0, 102.54676185813614 
509.88578844070435, 1000.0, 102.72162546564884 
511.48674607276917, 1000.0, 102.89129457877914 
513.4036946296692, 1000.0, 103.06200729227567 
515.0066523551941, 1000.0, 103.23377573215379 
516.6126101016998, 1000.0, 103.40019168807362 
518.5315582752228, 1000.0, 103.5740685450431 
520.1265163421631, 1000.0, 103.74253829317183 
521.7254738807678, 1000.0, 103.90549493518657 
523.3324315547943, 1000.0, 104.07598640301703 
524.9363889694214, 1000.0, 104.24090896764378 
526.8493375778198, 1000.0, 104.4134682173632 
528.4472954273224, 1000.0, 104.58040173407309 
530.0552530288696, 1000.0, 104.7550763818771 
531.6492109298706, 1000.0, 104.91728814356131 
533.5731592178345, 1000.0, 105.08726397040749 
535.17511677742, 1000.0, 105.24455764562839 
536.7740747928619, 1000.0, 105.4096363496265 
538.3790326118469, 1000.0, 105.57569194899114 
540.294980764389, 1000.0, 105.73575534964434 
541.895938873291, 1000.0, 105.89673571612948 
543.4968967437744, 1000.0, 106.0586429633244 
545.0908553600311, 1000.0, 106.21438736013678 
547.0138037204742, 1000.0, 106.3781373509748 
548.6187615394592, 1000.0, 106.53566324769831 
550.2187194824219, 1000.0, 106.68685426852313 
551.816677570343, 1000.0, 106.8461185840502 
553.7366535663605, 1000.0, 107.00628631909404 
555.3366394042969, 1000.0, 107.1673671436448 
556.9416255950928, 1000.0, 107.32937088005885 
558.861608505249, 1000.0, 107.48488091496196 
560.465594291687, 1000.0, 107.64124977094865 
562.0665800571442, 1000.0, 107.79848639560068 
563.6595664024353, 1000.0, 107.95659987369703 
565.264552116394, 1000.0, 108.11559943000054 
567.1865351200104, 1000.0, 108.26785993967476 
568.7835209369659, 1000.0, 108.42861658974519 
570.3875072002411, 1000.0, 108.5748505251928 
571.9854929447174, 1000.0, 108.72959740011979 
573.9084758758545, 1000.0, 108.88519007280163 
575.5034618377686, 1000.0, 109.03379447160522 
577.0974481105804, 1000.0, 109.19106164744812 
578.7064340114594, 1000.0, 109.34127292233156 
580.6264169216156, 1000.0, 109.49227889984823 
582.226402759552, 1000.0, 109.64408750741259 
583.8303887844086, 1000.0, 109.78865385274207 
585.4283747673035, 1000.0, 109.94204866820229 
587.3443577289581, 1000.0, 110.08813249808834 
588.9523437023163, 1000.0, 110.23496541790954 
590.5513298511505, 1000.0, 110.38255466818546 
592.1553158760071, 1000.0, 110.53090759238096 
594.0712988376617, 1000.0, 110.68003163883984 
595.6732850074768, 1000.0, 110.82158587556603 
597.2742710113525, 1000.0, 110.97223105246533 
598.8742570877075, 1000.0, 111.1152356857514 
600.7902402877808, 1000.0, 111.25895489972568 
602.393226146698, 1000.0, 111.3948788328469 
603.9952123165131, 1000.0, 111.54000446543583 
605.9141952991486, 1000.0, 111.6858647362612 
607.5181815624237, 1000.0, 111.82382235393808 
609.1131677627563, 1000.0, 111.97112877953231 
610.7151539325714, 1000.0, 112.11046016459741 
612.3211402893066, 1000.0, 112.25046689321542 
614.2351231575012, 1000.0, 112.39115513186849 
615.8331093788147, 1000.0, 112.5325311298269 
617.4420952796936, 1000.0, 112.67460122061726 
619.0340814590454, 1000.0, 112.80842801535998 
620.955064535141, 1000.0, 112.95186125599798 
622.5560505390167, 1000.0, 113.08697752298023 
624.1620366573334, 1000.0, 113.2227261264226 
625.757022857666, 1000.0, 113.36822789253176 
627.6800057888031, 1000.0, 113.50530106605878 
629.2789921760559, 1000.0, 113.64302389658343 
630.8769781589508, 1000.0, 113.78140218240557 
632.4769644737244, 1000.0, 113.92044179789943 
634.4069473743439, 1000.0, 114.06014869483445 
636.0029335021973, 1000.0, 114.19114915356306 
637.6059195995331, 1000.0, 114.33216329845263 
639.2019062042236, 1000.0, 114.46439457718166 
641.1268892288208, 1000.0, 114.5972278349897 
642.7198753356934, 1000.0, 114.7306682308785 
644.3238613605499, 1000.0, 114.86472098882639 
645.921847820282, 1000.0, 114.98975148668512 
647.84983086586, 1000.0, 115.12500022625579 
649.440817117691, 1000.0, 115.25115058152043 
651.0428030490875, 1000.0, 115.3876154649044 
652.6437895298004, 1000.0, 115.51490463052028 
654.5707724094391, 1000.0, 115.64274901086961 
656.1667587757111, 1000.0, 115.7711531632866 
657.7677450180054, 1000.0, 115.90012170006648 
659.3707311153412, 1000.0, 116.02965928934299 
661.2887141704559, 1000.0, 116.1597706559812 
662.8857004642487, 1000.0, 116.29046058248767 
664.4936866760254, 1000.0, 116.42173390994 
666.088672876358, 1000.0, 116.5535955389341 
668.010656118393, 1000.0, 116.68605043055013 
669.6126425266266, 1000.0, 116.80884739135335 
671.2116286754608, 1000.0, 116.93215813054368 
672.8106153011322, 1000.0, 117.0663292403213 
674.7285981178284, 1000.0, 117.19072339277511 
676.3295845985413, 1000.0, 117.31564394248032 
677.9305708408356, 1000.0, 117.44109507952533 
679.5365571975708, 1000.0, 117.5670810429893 
681.450540304184, 1000.0, 117.68304166838243 
683.0505266189575, 1000.0, 117.79945864053109 
684.6495132446289, 1000.0, 117.91633533637165 
686.255499124527, 1000.0, 118.04436551155177 
688.174482345581, 1000.0, 118.1622145224191 
689.7764687538147, 1000.0, 118.29131368593731 
691.3754551410675, 1000.0, 118.41015027949533 
692.9764416217804, 1000.0, 118.52946469507727 
694.8944246768951, 1000.0, 118.64926054511153 
696.5014109611511, 1000.0, 118.76954148213265 
698.0973975658417, 1000.0, 118.90131463034645 
699.6963839530945, 1000.0, 119.01157343133804 
701.6153671741486, 1000.0, 119.13333195446263 
703.2233536243439, 1000.0, 119.25559058768599 
704.8233399391174, 1000.0, 119.37835319310629 
706.4253263473511, 1000.0, 119.4903961787727 
708.3393094539642, 1000.0, 119.61413179645247 
709.9382960796356, 1000.0, 119.72706591475516 
711.5392825603485, 1000.0, 119.84042906306418 
713.1382691860199, 1000.0, 119.9542243045865 
715.0642521381378, 1000.0, 120.06845473463622 
716.6632385253906, 1000.0, 120.18312348107933 
718.2602252960205, 1000.0, 120.2982337047854 
719.8652114868164, 1000.0, 120.41378860008646 
721.7801947593689, 1000.0, 120.52979139524595 
723.3861813545227, 1000.0, 120.63457956114604 
724.9861686229706, 1000.0, 120.75144238351874 
726.5901548862457, 1000.0, 120.86876266402338 
728.5101380348206, 1000.0, 120.974744823783 
730.1071248054504, 1000.0, 121.09294357593694 
731.7061111927032, 1000.0, 121.19972191094813 
733.3060975074768, 1000.0, 121.30688130265207 
735.2240808010101, 1000.0, 121.42639731967321 
736.8290672302246, 1000.0, 121.53436958400498 
738.4270536899567, 1000.0, 121.6427309354639 
740.0330402851105, 1000.0, 121.75148400787228 
741.9470236301422, 1000.0, 121.86063146121947 
743.546010017395, 1000.0, 121.97017598200121 
745.1499965190887, 1000.0, 122.08012028357132 
746.751983165741, 1000.0, 122.19046710649518 
748.6709661483765, 1000.0, 122.30121921890972 
750.2709529399872, 1000.0, 122.41237941688848 
751.8729395866394, 1000.0, 122.51153335473637 
753.4779257774353, 1000.0, 122.62347211022174 
755.3939092159271, 1000.0, 122.73582718918502 
756.9958958625793, 1000.0, 122.83605022706888 
758.5948822498322, 1000.0, 122.94919965395107 
760.1908688545227, 1000.0, 123.05013345747606 
762.1098523139954, 1000.0, 123.15140501318365 
763.7168388366699, 1000.0, 123.2657418756481 
765.3198254108429, 1000.0, 123.36773822478054 
766.9158120155334, 1000.0, 123.47007902255535 
768.8367953300476, 1000.0, 123.57276645287851 
770.435781955719, 1000.0, 123.67580271997069 
772.0367684364319, 1000.0, 123.7921382603227 
773.6357553005219, 1000.0, 123.88293068440849 
775.556738615036, 1000.0, 123.98702689402612 
777.1567251682281, 1000.0, 124.09148096547361 
778.7617118358612, 1000.0, 124.19629520835694 
780.360698223114, 1000.0, 124.28830495631588 
782.2806816101074, 1000.0, 124.39380082208984 
783.8856682777405, 1000.0, 124.48641062377848 
785.4776549339294, 1000.0, 124.6192008575048 
787.0786416530609, 1000.0, 124.6858136773395 
789.0026249885559, 1000.0, 124.7793169192946 
790.6066117286682, 1000.0, 124.88653010971508 
792.2005982398987, 1000.0, 124.98065181618719 
793.8015851974487, 1000.0, 125.08857620361559 
795.7215683460236, 1000.0, 125.18332407439533 
797.3315551280975, 1000.0, 125.27836682977721 
798.9255418777466, 1000.0, 125.37370619185059 
800.5265283584595, 1000.0, 125.46934389745203 
802.4445118904114, 1000.0, 125.56528169833447 
804.053498506546, 1000.0, 125.66152136133371 
805.6504852771759, 1000.0, 125.75806466854104 
807.250471830368, 1000.0, 125.85491341747672 
809.1714553833008, 1000.0, 125.95206942126607 
810.7664425373077, 1000.0, 126.04953450881736 
812.3664290904999, 1000.0, 126.14731052500588 
813.9664158821106, 1000.0, 126.24539933085322 
815.8913991451263, 1000.0, 126.32972582780967 
817.4883859157562, 1000.0, 126.42840052200464 
819.0933725833893, 1000.0, 126.52739341372421 
820.6963591575623, 1000.0, 126.61249918180775 
822.6163427829742, 1000.0, 126.71208813208696 
824.2123293876648, 1000.0, 126.79770768800483 
825.8173160552979, 1000.0, 126.89789944650218 
827.4183022975922, 1000.0, 126.98403862356115 
829.3322861194611, 1000.0, 127.07041962007358 
830.9302728176117, 1000.0, 127.17150478116281 
832.5312592983246, 1000.0, 127.25841410014684 
834.1332459449768, 1000.0, 127.34556930369054 
836.0542294979095, 1000.0, 127.43297169628201 
837.6522161960602, 1000.0, 127.53525532822178 
839.2542028427124, 1000.0, 127.62319782068097 
840.8551895618439, 1000.0, 127.71139170048991 
842.7821729183197, 1000.0, 127.79983831510006 
844.3811595439911, 1000.0, 127.88853902254895 
845.9831464290619, 1000.0, 127.9774951915715 
847.5741331577301, 1000.0, 128.06670820171064 
849.4951167106628, 1000.0, 128.15617944343 
851.0971035957336, 1000.0, 128.24591031822806 
852.6970956325531, 1000.0, 128.33590223875257 
854.3010957241058, 1000.0, 128.41109594272902 
856.2170956134796, 1000.0, 128.50157015351942 
857.8240954875946, 1000.0, 128.59230947411973 
859.4200954437256, 1000.0, 128.6833153610165 
861.0230956077576, 1000.0, 128.77458928242567 
862.9420955181122, 1000.0, 128.85085669962498 
864.5430955886841, 1000.0, 128.94262587035294 
866.1430954933167, 1000.0, 129.01930809099753 
867.7490956783295, 1000.0, 129.11157755996297 
869.6620955467224, 1000.0, 129.18867882283297 
871.2670955657959, 1000.0, 129.28145371456898 
872.87109541893, 1000.0, 129.37450647889455 
874.4690957069397, 1000.0, 129.45226383822595 
876.0720953941345, 1000.0, 129.5302161576741 
877.9890956878662, 1000.0, 129.6083643532313 
879.5870954990387, 1000.0, 129.70240204340814 
881.1930956840515, 1000.0, 129.78098442186024 
883.1130955219269, 1000.0, 129.85976565025624 
884.7100956439972, 1000.0, 129.93874667146093 
886.3120954036713, 1000.0, 130.0337889606559 
887.9080953598022, 1000.0, 130.1132128772942 
889.5100955963135, 1000.0, 130.1928396482249 
891.4320955276489, 1000.0, 130.27267024423142 
893.03009557724, 1000.0, 130.3527056429041 
894.633095741272, 1000.0, 130.43294682870436 
896.2270956039429, 1000.0, 130.51339479302555 
898.1590955257416, 1000.0, 130.59405053425968 
899.753095626831, 1000.0, 130.67491505786185 
901.3560955524445, 1000.0, 130.75598937641706 
903.2720954418182, 1000.0, 130.8210005686755 
904.8790955543518, 1000.0, 130.90245509286794 
906.4790954589844, 1000.0, 130.98412228574387 
908.0790956020355, 1000.0, 131.06600318759243 
909.9980955123901, 1000.0, 131.13166248336236 
911.5950953960419, 1000.0, 131.2139307067306 
913.195095539093, 1000.0, 131.27990123062656 
914.8050956726074, 1000.0, 131.36256021430805 
916.722095489502, 1000.0, 131.44543778941616 
918.3220956325531, 1000.0, 131.51189796281565 
919.9180955886841, 1000.0, 131.5951717368324 
921.5240955352783, 1000.0, 131.67866715442625 
923.1220955848694, 1000.0, 131.74562381427563 
925.0460956096649, 1000.0, 131.82952098074043 
926.6440954208374, 1000.0, 131.8968004859585 
928.2330956459045, 1000.0, 131.98110302933557 
930.1680953502655, 1000.0, 132.08256555087138 
932.4090955257416, 1000.0, 132.18435663375004 
934.3260955810547, 1000.0, 132.25240087372038 
936.2450957298279, 1000.0, 132.32059262200923 
937.8430955410004, 1000.0, 132.4060406533982 
939.4460954666138, 1000.0, 132.474566489907 
941.0460956096649, 1000.0, 132.54324179363698 
942.9680955410004, 1000.0, 132.62929704181795 
944.5650956630707, 1000.0, 132.69831088410035 
946.1690955162048, 1000.0, 132.7674761907651 
948.0900955200195, 1000.0, 132.83679358417263 
949.6900956630707, 1000.0, 132.92365515210523 
951.2850956916809, 1000.0, 132.99331703563527 
952.8880953788757, 1000.0, 133.06313305459756 
954.8150954246521, 1000.0, 133.13310384747527 
956.4130957126617, 1000.0, 133.20323005662485 
958.012095451355, 1000.0, 133.27351232830688 
959.6070954799652, 1000.0, 133.3439513127168 
961.2170956134796, 1000.0, 133.41454766401787 
963.1299078464508, 1000.0, 133.48530204037195 
964.7336957454681, 1000.0, 133.55621510397089 
966.3384830951691, 1000.0, 133.62728752107193 
967.932272195816, 1000.0, 133.68069681273732 
969.8560149669647, 1000.0, 133.7520497139857 
971.4518041610718, 1000.0, 133.82356382216264 
973.0505926609039, 1000.0, 133.87730560532336 
974.6553802490234, 1000.0, 133.94910346872234 
976.5781228542328, 1000.0, 134.02106442415368 
978.1719129085541, 1000.0, 134.09318916510304 
979.7717010974884, 1000.0, 134.16547838937396 
981.3714897632599, 1000.0, 134.23793279912385 
983.2912333011627, 1000.0, 134.29238243427224 
984.8960206508636, 1000.0, 134.36512762139776 
986.4938094615936, 1000.0, 134.43803994767592 
988.0925979614258, 1000.0, 134.51112013191107 
990.0203402042389, 1000.0, 134.56604086183015 
991.6071307659149, 1000.0, 134.63941654075197 
993.2209169864655, 1000.0, 134.69455972916936 
995.136661529541, 1000.0, 134.78667820894793 
997.3823592662811, 1000.0, 134.87906439961287 
999.6150591373444, 1000.0, 134.95316708265028 
1001.8637564182281, 1000.0, 135.04603883217595 
1003.7795009613037, 1000.0, 135.10189226024312 
1005.697244644165, 1000.0, 135.17651627182352 
1007.2980329990387, 1000.0, 135.23259927993 
1008.9028208255768, 1000.0, 135.30753057432833 
1010.5016100406647, 1000.0, 135.36384493134545 
1012.4163541793823, 1000.0, 135.43908588033477 
1014.0161428451538, 1000.0, 135.4956333751223 
1015.6239302158356, 1000.0, 135.55228133872345 
1017.22571849823, 1000.0, 135.62796881902767 
1019.1404631137848, 1000.0, 135.6848525111776 
1020.7392518520355, 1000.0, 135.7418377914816 
1022.3390407562256, 1000.0, 135.79892499929704 
1023.9348301887512, 1000.0, 135.87520041994105 
1025.858573436737, 1000.0, 135.9325267876753 
1027.4583623409271, 1000.0, 135.98995622615277 
1029.0601511001587, 1000.0, 136.04748908199582 
1030.6619396209717, 1000.0, 136.124361030211 
1032.5816836357117, 1000.0, 136.18213655082812 
1034.1864714622498, 1000.0, 136.24001665660762 
1035.7812612056732, 1000.0, 136.2980017016478 
1037.7030048370361, 1000.0, 136.37547894918964 
1039.9447040557861, 1000.0, 136.45314423663422 
1041.8674478530884, 1000.0, 136.51151711693726 
1043.7821927070618, 1000.0, 136.56999661233982 
1045.382981300354, 1000.0, 136.62858308703431 
1046.9857697486877, 1000.0, 136.68727690703483 
1048.5785596370697, 1000.0, 136.74607844018752 
1050.4993035793304, 1000.0, 136.82464867742252 
1052.1020925045013, 1000.0, 136.88370298216304 
1053.7058808803558, 1000.0, 136.94286623960215 
1055.3016703128815, 1000.0, 137.0021388256699 
1057.2214148044586, 1000.0, 137.0417148076777 
1058.8272030353546, 1000.0, 137.1011704486851 
1060.7409479618073, 1000.0, 137.18061634348322 
1062.6666915416718, 1000.0, 137.2403300415113 
1064.2664806842804, 1000.0, 137.3001549765421 
1066.184225320816, 1000.0, 137.36009153608663 
1067.7860140800476, 1000.0, 137.4201401096309 
1069.7057585716248, 1000.0, 137.50037979526772 
1071.6265025138855, 1000.0, 137.5606912606773 
1073.2282915115356, 1000.0, 137.60096183903806 
1075.1410369873047, 1000.0, 137.661462403423 
1076.745825767517, 1000.0, 137.72207695934222 
1078.3416159152985, 1000.0, 137.7625501901654 
1079.9444046020508, 1000.0, 137.82335562549122 
1081.8641488552094, 1000.0, 137.88427612795357 
1083.4639382362366, 1000.0, 137.92495392343653 
1085.0687265396118, 1000.0, 137.9860671103367 
1086.6705157756805, 1000.0, 138.04729645486913 
1088.5892605781555, 1000.0, 138.1086423698662 
1090.1850502490997, 1000.0, 138.149604612738 
1092.1057946681976, 1000.0, 138.23168557332687 
1094.0275387763977, 1000.0, 138.29338369824896 
1095.6303277015686, 1000.0, 138.3345814462034 
1097.5510730743408, 1000.0, 138.37583187217453 
1099.1478626728058, 1000.0, 138.43780655788123 
1101.06760764122, 1000.0, 138.4999004791262 
1102.988352060318, 1000.0, 138.56211406483402 
1104.5901412963867, 1000.0, 138.6244477461869 
1106.505886554718, 1000.0, 138.66607046751648 
1108.1096754074097, 1000.0, 138.7286052726438 
1110.0254204273224, 1000.0, 138.8121737101407 
1111.9461650848389, 1000.0, 138.8540390923661 
1113.5529539585114, 1000.0, 138.89595875816508 
1115.4716992378235, 1000.0, 138.95894032639492 
1117.0674893856049, 1000.0, 139.00099627755355 
1118.9962329864502, 1000.0, 139.06418289452728 
1120.9039797782898, 1000.0, 139.12749313980174 
1122.5147678852081, 1000.0, 139.16976887559633 
1124.4315133094788, 1000.0, 139.23328617418005 
1126.0363025665283, 1000.0, 139.2757003669841 
1127.944049358368, 1000.0, 139.3394259862999 
1129.8777921199799, 1000.0, 139.40327721114159 
1131.4725828170776, 1000.0, 139.4459147036768 
1133.3873283863068, 1000.0, 139.4886083642989 
1134.9961166381836, 1000.0, 139.53135833125575 
1136.9188611507416, 1000.0, 139.61702773965982 
1138.8376066684723, 1000.0, 139.65994746010244 
1140.4383964538574, 1000.0, 139.72443370535245 
1142.3611414432526, 1000.0, 139.78904837096152 
1144.5988421440125, 1000.0, 139.83219639532862 
1146.2006318569183, 1000.0, 139.87540185013563 
1148.1123781204224, 1000.0, 139.94031802696895 
1150.042121887207, 1000.0, 139.98366768382337 
1151.6379127502441, 1000.0, 140.02707527324395 
1153.5556590557098, 1000.0, 140.092295597486 
1155.8003587722778, 1000.0, 140.15764708597084 
1158.0390594005585, 1000.0, 140.22313023179163 
1160.2787597179413, 1000.0, 140.28874553075323 
1162.5214598178864, 1000.0, 140.35449348139292 
1164.757161140442, 1000.0, 140.3983993913006 
1166.3649501800537, 1000.0, 140.44236462946162 
1168.2846953868866, 1000.0, 140.50842405494018 
1170.203441143036, 1000.0, 140.55253827016534 
1171.8032314777374, 1000.0, 140.5967123402443 
1173.726976633072, 1000.0, 140.66308600523496 
1175.9596781730652, 1000.0, 140.7295951995289 
1178.201378583908, 1000.0, 140.79624044039474 
1180.4470784664154, 1000.0, 140.8630222479901 
1182.6877789497375, 1000.0, 140.90761958164333 
1184.922481060028, 1000.0, 140.9746301642738 
1187.1651818752289, 1000.0, 141.0193805022612 
1189.4018831253052, 1000.0, 141.0866213265074 
1191.6485829353333, 1000.0, 141.15400100540566 
1193.8822841644287, 1000.0, 141.22152007488393 
1196.1219849586487, 1000.0, 141.26661049310687 
1198.3656854629517, 1000.0, 141.33436307940357 
1200.6043863296509, 1000.0, 141.4022565002842 
1202.8460869789124, 1000.0, 141.44759729237055 
1205.088787317276, 1000.0, 141.51572665495493 
1207.328488111496, 1000.0, 141.56122525164454 
1209.5731885433197, 1000.0, 141.62959209020678 
1211.8118896484375, 1000.0, 141.67524951920362 
1214.0525908470154, 1000.0, 141.72097077107406 
1216.288292646408, 1000.0, 141.78967268145115 
1218.527993440628, 1000.0, 141.85851913344237 
1220.7666947841644, 1000.0, 141.90449734951756 
1223.0163943767548, 1000.0, 141.950540228028 
1225.2520959377289, 1000.0, 142.01972615957675 
1227.4977960586548, 1000.0, 142.06593143868153 
1229.7364974021912, 1000.0, 142.1353617731583 
1231.9602012634277, 1000.0, 142.18173052464238 
1234.2158999443054, 1000.0, 142.2514068774733 
1236.4526011943817, 1000.0, 142.29794018348375 
1238.6923034191132, 1000.0, 142.36786418573814 
1240.9320044517517, 1000.0, 142.4145631389172 
1243.1817042827606, 1000.0, 142.4613286592803 
1245.4154069423676, 1000.0, 142.53160214112648 
1247.658111333847, 1000.0, 142.5785348562455 
1249.8958132266998, 1000.0, 142.6255347618034 
1252.1365141868591, 1000.0, 142.6961609953639 
1254.3812148571014, 1000.0, 142.7433296644739 
1256.6149172782898, 1000.0, 142.79056615583744 
1258.8626172542572, 1000.0, 142.8378706515671 
1261.1043181419373, 1000.0, 142.8852433344903 
1263.3371675014496, 1000.0, 142.95643061156738 
1265.5820741653442, 1000.0, 143.00397456707026 
1267.8219811916351, 1000.0, 143.0515873553479 
1270.0668876171112, 1000.0, 143.09926916249123 
1272.2997946739197, 1000.0, 143.14702017532719 
1274.543701171875, 1000.0, 143.1948405814231 
1276.783608198166, 1000.0, 143.24273056908825 
1279.0215151309967, 1000.0, 143.31469642979744 
1281.2684216499329, 1000.0, 143.36276120015648 
1283.5043296813965, 1000.0, 143.41089621708073 
1285.7442367076874, 1000.0, 143.4591016722734 
1287.9891438484192, 1000.0, 143.50737775820332 
1290.2280507087708, 1000.0, 143.5557246681082 
1292.4649577140808, 1000.0, 143.60414259599875 
1294.7038645744324, 1000.0, 143.65263173666233 
1296.9487709999084, 1000.0, 143.701192285669 
1299.1876780986786, 1000.0, 143.74982443937267 
1301.4315853118896, 1000.0, 143.79852839491758 
1303.6754920482635, 1000.0, 143.8473043502413 
1305.9143991470337, 1000.0, 143.8961525040796 
1308.1523060798645, 1000.0, 143.96956054376133 
1310.398213148117, 1000.0, 143.99406620625763 
1312.630120754242, 1000.0, 144.04313215609636 
1314.8800275325775, 1000.0, 144.09227110745627 
1317.1199345588684, 1000.0, 144.14148326312687 
1319.352842092514, 1000.0, 144.19076882672115 
1321.596749305725, 1000.0, 144.24012800268002 
1323.8336565494537, 1000.0, 144.28956099627695 
1325.760579586029, 1000.0, 144.31430523906656 
1327.680503129959, 1000.0, 144.36384934584143 
1329.9224107265472, 1000.0, 144.41346778711048 
1332.1623179912567, 1000.0, 144.4631607710965 
1334.4022257328033, 1000.0, 144.512928506876 
1336.644133090973, 1000.0, 144.53784047225875 
1338.8780410289764, 1000.0, 144.5877207296219 
1340.4809806346893, 1000.0, 144.6126890744096 
1342.4009041786194, 1000.0, 144.6626823286211 
1344.3218276500702, 1000.0, 144.6877072911787 
1346.2417516708374, 1000.0, 144.73781402044057 
1348.1686747074127, 1000.0, 144.78799666686473 
1350.0845983028412, 1000.0, 144.83825544518461 
1352.32550573349, 1000.0, 144.8634134511522 
1354.5664131641388, 1000.0, 144.91378683188327 
1356.8113205432892, 1000.0, 144.96423688523882 
1359.0532281398773, 1000.0, 145.01476382908058 
1361.289136171341, 1000.0, 145.04005620326348 
1363.5340435504913, 1000.0, 145.09069889330956 
1365.7759511470795, 1000.0, 145.1414190224697 
1368.013858795166, 1000.0, 145.16680819576058 
1370.252766609192, 1000.0, 145.21764489835334 
1372.4896748065948, 1000.0, 145.31955250733864 
1374.733582019806, 1000.0, 145.29404625977804 
1376.9764902591705, 1000.0, 145.34507836517184 
1379.211398601532, 1000.0, 145.39618902421947 
1381.456306219101, 1000.0, 145.4217738818628 
1383.6992139816284, 1000.0, 145.47300279490662 
1385.9341220855713, 1000.0, 145.52431082767583 
1388.1760301589966, 1000.0, 145.5499945852005 
1390.4179382324219, 1000.0, 145.60142172554157 
1392.6598460674286, 1000.0, 145.6529285576564 
1394.9017541408539, 1000.0, 145.67871193012547 
1397.1366622447968, 1000.0, 145.73033873241408 
1399.3835701942444, 1000.0, 145.78204580458404 
1401.617478609085, 1000.0, 145.80792951463553 
1403.8653872013092, 1000.0, 145.85975742873444 
1406.0982956886292, 1000.0, 145.88570169139211 
1408.3382041454315, 1000.0, 145.93765097491936 
1410.5881116390228, 1000.0, 145.9896814661161 
1412.8220205307007, 1000.0, 146.0157272385971 
1415.063928604126, 1000.0, 146.06787998588865 
1417.3008370399475, 1000.0, 146.09398702031538 
1419.541745185852, 1000.0, 146.14626256024863 
1421.784653186798, 1000.0, 146.172431125754 
1424.0275611877441, 1000.0, 146.22482999832124 
1426.2654702663422, 1000.0, 146.25106036576756 
1428.507378578186, 1000.0, 146.30358311443484 
1430.7462871074677, 1000.0, 146.32987555643004 
1432.9851956367493, 1000.0, 146.3825227281681 
1435.2261037826538, 1000.0, 146.40887751907775 
1437.4690127372742, 1000.0, 146.4616496643905 
1439.7099211215973, 1000.0, 146.48806708035613 
1441.9518296718597, 1000.0, 146.5409647533113 
1444.1897387504578, 1000.0, 146.567445072263 
1446.4306478500366, 1000.0, 146.59394642095063 
1448.6735560894012, 1000.0, 146.64701233219537 
1450.9174644947052, 1000.0, 146.67357695725252 
1453.1563732624054, 1000.0, 146.72676970299472 
1455.39928150177, 1000.0, 146.75339788658684 
1457.6401901245117, 1000.0, 146.80671803299418 
1459.8780992031097, 1000.0, 146.83341005912737 
1462.1130080223083, 1000.0, 146.8601234295407 
1464.3579165935516, 1000.0, 146.91361433060325 
1466.594825744629, 1000.0, 146.94039192512378 
1468.8387341499329, 1000.0, 146.9940115623443 
1471.0746431350708, 1000.0, 147.02085366933557 
1473.319551706314, 1000.0, 147.04771734489123 
1475.5554604530334, 1000.0, 147.10150953105273 
1477.797369480133, 1000.0, 147.12843810651339 
1480.0362787246704, 1000.0, 147.15538838024963 
1482.2771871089935, 1000.0, 147.2093541530416 
1484.5180959701538, 1000.0, 147.23636971752333 
1486.7630050182343, 1000.0, 147.26340711113338 
1489.0029141902924, 1000.0, 147.31754751738262 
1491.2458231449127, 1000.0, 147.34465059602553 
1493.4837322235107, 1000.0, 147.3717756358047 
1495.726641178131, 1000.0, 147.42609173158087 
1497.9645500183105, 1000.0, 147.4532828541665 
1500.2014601230621, 1000.0, 147.48049607106492 
1502.4453690052032, 1000.0, 147.53498892178845 
1504.6922776699066, 1000.0, 147.56226862279328 
1506.927187204361, 1000.0, 147.58957055247015 
1509.1600966453552, 1000.0, 147.6168947445956 
1511.4060056209564, 1000.0, 147.67161005167196 
1513.6509146690369, 1000.0, 147.6990012345513 
1515.8918240070343, 1000.0, 147.7264148157358 
1518.1287336349487, 1000.0, 147.7813093097101 
1520.3706426620483, 1000.0, 147.80879029103508 
1522.6085522174835, 1000.0, 147.83629380773635 
1524.8494613170624, 1000.0, 147.86381989427235 
1527.0933706760406, 1000.0, 147.9189399150709 
1529.3322801589966, 1000.0, 147.94653391863727 
1531.5761890411377, 1000.0, 147.97415063064662 
1533.8130991458893, 1000.0, 148.00179008594517 
1536.0570080280304, 1000.0, 148.0294523194573 
1538.3009176254272, 1000.0, 148.08484526121228 
1540.5418269634247, 1000.0, 148.11257603969617 
1542.7757370471954, 1000.0, 148.1403297368769 
1545.0166466236115, 1000.0, 148.16810638807274 
1547.259556055069, 1000.0, 148.19590602868146 
1549.5054650306702, 1000.0, 148.22372869418112 
1551.7423751354218, 1000.0, 148.27944324216315 
1553.9852845668793, 1000.0, 148.3073351960018 
1556.2181947231293, 1000.0, 148.335250317444 
1558.4611041545868, 1000.0, 148.36318864237 
1560.708013534546, 1000.0, 148.39115020674058 
1562.9499473571777, 1000.0, 148.4191350465987 
1565.1798934936523, 1000.0, 148.44714319806826 
1567.426838874817, 1000.0, 148.47517469735607 
1569.669784784317, 1000.0, 148.50322958074963 
1571.910730600357, 1000.0, 148.55940964542077 
1574.1426768302917, 1000.0, 148.58753489968794 
1576.3856229782104, 1000.0, 148.61568368404087 
1578.6325688362122, 1000.0, 148.64385603518264 
1580.8735146522522, 1000.0, 148.67205198989947 
1583.1074607372284, 1000.0, 148.70027158506178 
1585.3534066677094, 1000.0, 148.72851485762374 
1587.5903527736664, 1000.0, 148.7567818446248 
1589.829298734665, 1000.0, 148.7850725831878 
1592.0702447891235, 1000.0, 148.84172546391991 
1594.3171904087067, 1000.0, 148.87008768076106 
1596.5581364631653, 1000.0, 148.89847379851028 
1598.7920825481415, 1000.0, 148.92688385471791 
1601.0370287895203, 1000.0, 148.95531788702039 
1603.2819747924805, 1000.0, 148.98377593314154 
1605.518921136856, 1000.0, 149.01225803089122 
1607.7618680000305, 1000.0, 149.04076421816612 
1609.996814250946, 1000.0, 149.06929453294984 
1612.244760274887, 1000.0, 149.09784901331497 
1614.4807064533234, 1000.0, 149.1264276974204 
1616.7256524562836, 1000.0, 149.15503062351354 
1618.9575991630554, 1000.0, 149.1836578299302 
1621.1995451450348, 1000.0, 149.24098523751982 
1623.4474909305573, 1000.0, 149.24098523751982 
1625.6824374198914, 1000.0, 149.26968551580856 
1627.92538356781, 1000.0, 149.29841022865185 
1630.1673300266266, 1000.0, 149.32715941483104 
1632.0852859020233, 1000.0, 149.3559331132171 
1634.0102417469025, 1000.0, 149.3847313627719 
1636.247188091278, 1000.0, 149.41355420254737 
1638.4871344566345, 1000.0, 149.44240167168513 
1640.7290806770325, 1000.0, 149.47127380941967 
1642.9670271873474, 1000.0, 149.50017065507518 
1645.209972858429, 1000.0, 149.52909224806882 
1647.4469194412231, 1000.0, 149.55803862790853 
1649.6908655166626, 1000.0, 149.587009834195 
1651.9318120479584, 1000.0, 149.61600590662118 
1654.1717581748962, 1000.0, 149.64502688497217 
1656.4147045612335, 1000.0, 149.67407280912724 
1658.6596505641937, 1000.0, 149.67407280912724 
1660.893597126007, 1000.0, 149.73223965482944 
1663.137543439865, 1000.0, 149.7613606566017 
1665.3754897117615, 1000.0, 149.79050676462768 
1667.6204359531403, 1000.0, 149.8196780192558 
1669.8623821735382, 1000.0, 149.8196780192558 
1672.0933294296265, 1000.0, 149.84887446092822 
1674.3422756195068, 1000.0, 149.87809613018226 
1676.5762221813202, 1000.0, 149.90734306765162 
1678.821168422699, 1000.0, 149.93661531406443 
1681.0661146640778, 1000.0, 149.9659129102455 
1683.3000614643097, 1000.0, 149.99523589711495 
1685.541007757187, 1000.0, 150.0245843156903 
1687.7809545993805, 1000.0, 150.0539582070856 
1690.0199010372162, 1000.0, 150.0833576125111 
1692.2688474655151, 1000.0, 150.11278257327606 
1694.5087940692902, 1000.0, 150.11278257327606 
1696.744740486145, 1000.0, 150.1422331307864 
1698.9876871109009, 1000.0, 150.17170932654608 
1701.2326335906982, 1000.0, 150.2012112021579 
1703.4655804634094, 1000.0, 150.23073879932286 
1705.705527305603, 1000.0, 150.26029215984042 
1707.952474117279, 1000.0, 150.26029215984042 
1710.1914205551147, 1000.0, 150.28987132561033 
1712.4293673038483, 1000.0, 150.31947633863177 
1714.6673140525818, 1000.0, 150.34910724100206 
1716.9132606983185, 1000.0, 150.37876407492135 
1719.1532073020935, 1000.0, 150.408446882688 
1721.3981540203094, 1000.0, 150.4381557067023 
1723.6391003131866, 1000.0, 150.46789058946572 
1725.8720474243164, 1000.0, 150.49765157358078 
1728.1199941635132, 1000.0, 150.49765157358078 
1730.351940870285, 1000.0, 150.52743870175124 
1732.5978872776031, 1000.0, 150.55725201678393 
1734.8368339538574, 1000.0, 150.58709156158784 
1737.0827805995941, 1000.0, 150.616957379174 
1739.3187277317047, 1000.0, 150.6468495126574 
1741.5546743869781, 1000.0, 150.67676800525567 
1743.8036215305328, 1000.0, 150.67676800525567 
1746.0355689525604, 1000.0, 150.70671290029026 
1748.284515619278, 1000.0, 150.7366842411868 
1750.5174627304077, 1000.0, 150.7666820714752 
1752.7624094486237, 1000.0, 150.7967064347903 
1755.0023565292358, 1000.0, 150.7967064347903 
1757.2403032779694, 1000.0, 150.82675737487114 
1759.4802503585815, 1000.0, 150.85683493556306 
1761.7221972942352, 1000.0, 150.88693916081624 
1763.9631440639496, 1000.0, 150.91707009468752 
1766.210090637207, 1000.0, 150.91707009468752 
1768.4480376243591, 1000.0, 150.94722778133954 
1770.6859846115112, 1000.0, 150.97741226504212 
1772.9249320030212, 1000.0, 151.0076235901716 
1775.1738784313202, 1000.0, 151.03786180121193 
1777.4068257808685, 1000.0, 151.03786180121193 
1779.6527726650238, 1000.0, 151.06812694275467 
1781.8917198181152, 1000.0, 151.0984190594993 
1784.133666753769, 1000.0, 151.12873819625455 
1786.3726136684418, 1000.0, 151.12873819625455 
1788.6145603656769, 1000.0, 151.15908439793637 
1790.850507736206, 1000.0, 151.1894577095707 
1793.097454547882, 1000.0, 151.2198581762927 
1795.338401556015, 1000.0, 151.2198581762927 
1797.5723485946655, 1000.0, 151.25028584334783 
1799.8132967948914, 1000.0, 151.28074075609084 
1802.05424451828, 1000.0, 151.3112229599876 
1804.2951917648315, 1000.0, 151.3417325006137 
1806.5331392288208, 1000.0, 151.3417325006137 
1808.7800860404968, 1000.0, 151.37226942365768 
1811.0230331420898, 1000.0, 151.40283377491826 
1813.2619802951813, 1000.0, 151.40283377491826 
1815.4999277591705, 1000.0, 151.43342560030652 
1817.7438750267029, 1000.0, 151.46404494584561 
1819.9868223667145, 1000.0, 151.49469185767146 
1822.225769519806, 1000.0, 151.49469185767146 
1824.461716890335, 1000.0, 151.52536638203298 
1826.7026641368866, 1000.0, 151.55606856529235 
1828.9456112384796, 1000.0, 151.58679845392567 
1831.1885585784912, 1000.0, 151.6175560945228 
1833.4255061149597, 1000.0, 151.6175560945228 
1835.6674537658691, 1000.0, 151.64834153378771 
1837.903401374817, 1000.0, 151.64834153378771 
1840.1473488807678, 1000.0, 151.67915481854033 
1842.3942959308624, 1000.0, 151.70999599571462 
1844.6302437782288, 1000.0, 151.74086511236118 
1846.8751909732819, 1000.0, 151.74086511236118 
1849.1141386032104, 1000.0, 151.77176221564514 
1851.3540859222412, 1000.0, 151.80268735284926 
1853.594033241272, 1000.0, 151.80268735284926 
1855.8309807777405, 1000.0, 151.8336405713721 
1858.0719282627106, 1000.0, 151.8646219187298 
1860.3148758411407, 1000.0, 151.8646219187298 
1862.5568313598633, 1000.0, 151.89563144255595 
1864.798796415329, 1000.0, 151.92666919060113 
1867.0387613773346, 1000.0, 151.95773521073545 
1869.2697269916534, 1000.0, 151.98882955094666 
1871.5146918296814, 1000.0, 151.98882955094666 
1873.7626566886902, 1000.0, 152.01995225934172 
1876.002622127533, 1000.0, 152.0511033841471 
1878.2365872859955, 1000.0, 152.0511033841471 
1880.481552362442, 1000.0, 152.08228297370874 
1882.7205173969269, 1000.0, 152.11349107649292 
1884.9654824733734, 1000.0, 152.11349107649292 
1887.203447818756, 1000.0, 152.14472774108685 
1889.4394128322601, 1000.0, 152.14472774108685 
1891.6843779087067, 1000.0, 152.17599301619785 
1893.9253430366516, 1000.0, 152.20728695065495 
1896.1703078746796, 1000.0, 152.20728695065495 
1898.0822794437408, 1000.0, 152.23860959340925 
1900.0092508792877, 1000.0, 152.2699609935334 
1902.2412161827087, 1000.0, 152.2699609935334 
1904.4861812591553, 1000.0, 152.30134120022268 
1906.7271463871002, 1000.0, 152.33275026279586 
1908.9721114635468, 1000.0, 152.33275026279586 
1911.2130768299103, 1000.0, 152.3641882306945 
1913.4540419578552, 1000.0, 152.3956551534841 
1915.6930072307587, 1000.0, 152.3956551534841 
1917.9359724521637, 1000.0, 152.4271510808539 
1920.1749377250671, 1000.0, 152.4271510808539 
1922.411903142929, 1000.0, 152.4586760626182 
1924.6588680744171, 1000.0, 152.4902301487164 
1926.8948335647583, 1000.0, 152.4902301487164 
1929.1367988586426, 1000.0, 152.5218133892127 
1931.3777639865875, 1000.0, 152.553425834297 
1933.6207292079926, 1000.0, 152.553425834297 
1935.8606946468353, 1000.0, 152.5850675342868 
1938.1016597747803, 1000.0, 152.6167385396241 
1940.3376252651215, 1000.0, 152.6167385396241 
1942.578590631485, 1000.0, 152.64843890087946 
1944.8175559043884, 1000.0, 152.64843890087946 
1947.0575213432312, 1000.0, 152.68016866875038 
1949.2974870204926, 1000.0, 152.71192789406257 
1951.541452407837, 1000.0, 152.71192789406257 
1953.7784178256989, 1000.0, 152.7437166277698 
1956.0243830680847, 1000.0, 152.7755349209545 
1958.2663488388062, 1000.0, 152.7755349209545 
1960.5053141117096, 1000.0, 152.80738282482804 
1962.7412796020508, 1000.0, 152.80738282482804 
1964.9842450618744, 1000.0, 152.83926039073202 
1967.1972110271454, 1000.0, 152.87116767013782 
1969.461175918579, 1000.0, 152.87116767013782 
1971.7101414203644, 1000.0, 152.90310471464716 
1973.9421072006226, 1000.0, 152.93507157599242 
1976.1900725364685, 1000.0, 152.93507157599242 
1978.4330377578735, 1000.0, 152.96706830603753 
1980.6710033416748, 1000.0, 152.96706830603753 
1982.9139688014984, 1000.0, 152.9990949567792 
1985.1529343128204, 1000.0, 152.9990949567792 
1987.389899969101, 1000.0, 153.0311515803439 
1989.630865573883, 1000.0, 153.0311515803439 
1991.8718311786652, 1000.0, 153.06323822899304 
1994.1107971668243, 1000.0, 153.09535495512017 
1996.3547632694244, 1000.0, 153.09535495512017 
1998.5907289981842, 1000.0, 153.12750181125273 
2000.831852197647, 1000.0, 153.12750181125273 
2003.0714042186737, 1000.0, 153.1596788500517 
2005.320957183838, 1000.0, 153.19188612431284 
2007.5575075149536, 1000.0, 153.19188612431284 
2009.801059961319, 1000.0, 153.22412368696644 
2012.0386106967926, 1000.0, 153.22412368696644 
2014.2841637134552, 1000.0, 153.25639159107862 
2016.523715019226, 1000.0, 153.288689889851 
2018.7622668743134, 1000.0, 153.288689889851 
2021.0078196525574, 1000.0, 153.32101863662174 
2023.2423703670502, 1000.0, 153.32101863662174 
2025.4889237880707, 1000.0, 153.35337788486459 
2027.7324764728546, 1000.0, 153.35337788486459 
2029.9690272808075, 1000.0, 153.38576768819235 
2032.2125797271729, 1000.0, 153.38576768819235 
2034.4541323184967, 1000.0, 153.41818810035363 
2036.6916844844818, 1000.0, 153.41818810035363 
2038.9372453689575, 1000.0, 153.45063917523686 
2041.1767973899841, 1000.0, 153.45063917523686 
2043.4153490066528, 1000.0, 153.48312096686723 
2045.658902168274, 1000.0, 153.51563352941076 
2047.900454044342, 1000.0, 153.51563352941076 
2050.1440064907074, 1000.0, 153.54817691717128 
2052.3815574645996, 1000.0, 153.54817691717128 
2054.624109506607, 1000.0, 153.58075118459385 
2056.865661382675, 1000.0, 153.61335638626318 
2059.1132152080536, 1000.0, 153.61335638626318 
2061.349766254425, 1000.0, 153.64599257690583 
2063.5943191051483, 1000.0, 153.64599257690583 
2065.828868865967, 1000.0, 153.64599257690583 
2068.0734214782715, 1000.0, 153.67865981138826 
2070.3179745674133, 1000.0, 153.71135814472044 
2072.555525779724, 1000.0, 153.71135814472044 
2074.8030796051025, 1000.0, 153.74408763205417 
2077.0356295108795, 1000.0, 153.74408763205417 
2079.2851836681366, 1000.0, 153.7768483286834 
2081.5187339782715, 1000.0, 153.7768483286834 
2083.7632875442505, 1000.0, 153.80964029004602 
2086.0038397312164, 1000.0, 153.80964029004602 
2088.2483925819397, 1000.0, 153.84246357172458 
2090.4889447689056, 1000.0, 153.84246357172458 
2092.7244956493378, 1000.0, 153.8753182294438 
2094.9650480747223, 1000.0, 153.8753182294438 
2097.2056002616882, 1000.0, 153.90820431907514 
2099.4411516189575, 1000.0, 153.94112189663463 
2101.6897056102753, 1000.0, 153.94112189663463 
2103.93025803566, 1000.0, 153.97407101828404 
2106.171810865402, 1000.0, 153.97407101828404 
2108.4153637886047, 1000.0, 153.97407101828404 
2110.6609177589417, 1000.0, 154.00705174033155 
2112.9004697799683, 1000.0, 154.00705174033155 
2115.137020587921, 1000.0, 154.04006411923228 
2117.3855752944946, 1000.0, 154.04006411923228 
2119.624127149582, 1000.0, 154.07310821158865 
2121.8676817417145, 1000.0, 154.07310821158865 
2124.100232362747, 1000.0, 154.10618407415075 
2126.3497865200043, 1000.0, 154.10618407415075 
2128.584337949753, 1000.0, 154.13929176381671 
2130.8248908519745, 1000.0, 154.13929176381671 
2133.066444158554, 1000.0, 154.1724313376344 
2135.3139984607697, 1000.0, 154.1724313376344 
2137.5495500564575, 1000.0, 154.20560285279998 
2139.7951040267944, 1000.0, 154.20560285279998 
2142.029654979706, 1000.0, 154.23880636665965 
2144.280210494995, 1000.0, 154.23880636665965 
2146.518762588501, 1000.0, 154.27204193671068 
2148.7573149204254, 1000.0, 154.27204193671068 
2150.9968678951263, 1000.0, 154.30530962060084 
2153.233421087265, 1000.0, 154.30530962060084 
2155.4789748191833, 1000.0, 154.3386094761293 
2157.720528125763, 1000.0, 154.3386094761293 
2159.9500784873962, 1000.0, 154.37194156124696 
2162.207635164261, 1000.0, 154.37194156124696 
2164.442187309265, 1000.0, 154.40530593405728 
2166.690742492676, 1000.0, 154.40530593405728 
2168.9332959651947, 1000.0, 154.40530593405728 
2171.1558451652527, 1000.0, 154.4387026528167 
2173.4064004421234, 1000.0, 154.4387026528167 
2175.654955148697, 1000.0, 154.4721317759357 
2177.8895077705383, 1000.0, 154.4721317759357 
2180.1290605068207, 1000.0, 154.505593361978 
2182.3756144046783, 1000.0, 154.505593361978 
2184.61216711998, 1000.0, 154.53908746966212 
2186.8567214012146, 1000.0, 154.53908746966212 
2189.095274448395, 1000.0, 154.57261415786252 
2191.3318269252777, 1000.0, 154.57261415786252 
2193.578381538391, 1000.0, 154.606173485608 
2195.8219363689423, 1000.0, 154.606173485608 
2198.0614895820618, 1000.0, 154.63976551208404 
2200.3020434379578, 1000.0, 154.63976551208404 
2202.5445976257324, 1000.0, 154.63976551208404 
2204.4660773277283, 1000.0, 154.67339029663424 
2206.3925592899323, 1000.0, 154.67339029663424 
2208.6321125030518, 1000.0, 154.7070478987568 
2210.8686656951904, 1000.0, 154.7070478987568 
2213.1162209510803, 1000.0, 154.74073837810965 
2215.353773832321, 1000.0, 154.74073837810965 
2217.5933277606964, 1000.0, 154.77446179450908 
2219.838882923126, 1000.0, 154.77446179450908 
2222.078436613083, 1000.0, 154.80821820792977 
2224.315989255905, 1000.0, 154.80821820792977 
2226.5595438480377, 1000.0, 154.80821820792977 
2228.8020980358124, 1000.0, 154.842007678506 
2231.046653032303, 1000.0, 154.842007678506 
2233.2852067947388, 1000.0, 154.8758302665318 
2235.52876162529, 1000.0, 154.8758302665318 
2237.7633140087128, 1000.0, 154.9096860324626 
2240.0108699798584, 1000.0, 154.9096860324626 
2242.2454226017, 1000.0, 154.9096860324626 
2244.491977930069, 1000.0, 154.94357503691458 
2246.7285318374634, 1000.0, 154.94357503691458 
2248.9770879745483, 1000.0, 154.97749734066522 
2251.213641166687, 1000.0, 154.97749734066522 
2253.4591977596283, 1000.0, 154.97749734066522 
2255.695750951767, 1000.0, 155.01145300465507 
2257.9413068294525, 1000.0, 155.01145300465507 
2260.1748597621918, 1000.0, 155.04544208998723 
2262.4214153289795, 1000.0, 155.04544208998723 
2264.6629700660706, 1000.0, 155.04544208998723 
2266.8975234031677, 1000.0, 155.07946465792776 
2269.1460795402527, 1000.0, 155.07946465792776 
2271.3836328983307, 1000.0, 155.11352076990798 
2273.615186214447, 1000.0, 155.11352076990798 
2275.868743658066, 1000.0, 155.11352076990798 
2278.1092982292175, 1000.0, 155.1476104875226 
2280.3478524684906, 1000.0, 155.1476104875226 
2282.594408750534, 1000.0, 155.18173387253216 
2284.833962917328, 1000.0, 155.18173387253216 
2287.0765178203583, 1000.0, 155.21589098686252 
2289.312071323395, 1000.0, 155.21589098686252 
2291.5606281757355, 1000.0, 155.21589098686252 
2293.7991828918457, 1000.0, 155.25008189260637 
2296.0407383441925, 1000.0, 155.25008189260637 
2298.275292158127, 1000.0, 155.2843066520227 
2300.523813724518, 1000.0, 155.2843066520227 
2302.7630212306976, 1000.0, 155.31856532753903 
2305.0072288513184, 1000.0, 155.31856532753903 
2307.2444360256195, 1000.0, 155.31856532753903 
2309.4806427955627, 1000.0, 155.38718467741927 
2311.7158493995667, 1000.0, 155.35285798174974 
2313.9630575180054, 1000.0, 155.38718467741927 
2316.207265138626, 1000.0, 155.38718467741927 
2318.450472831726, 1000.0, 155.38718467741927 
2320.691680431366, 1000.0, 155.42154547748027 
2322.9328877925873, 1000.0, 155.42154547748027 
2325.1710946559906, 1000.0, 155.45594044503605 
2327.407301902771, 1000.0, 155.45594044503605 
2329.65651011467, 1000.0, 155.45594044503605 
2331.884716272354, 1000.0, 155.49036964335934 
2334.133924484253, 1000.0, 155.49036964335934 
2336.371131658554, 1000.0, 155.52483313589585 
2338.6143391132355, 1000.0, 155.52483313589585 
2340.8565468788147, 1000.0, 155.52483313589585 
2343.0957539081573, 1000.0, 155.5593309862611 
2345.3319606781006, 1000.0, 155.5593309862611 
2347.577168703079, 1000.0, 155.5593309862611 
2349.815375804901, 1000.0, 155.59386325824386 
2352.058583498001, 1000.0, 155.59386325824386 
2354.3027913570404, 1000.0, 155.6284300158065 
2356.540998697281, 1000.0, 155.6284300158065 
2358.786206483841, 1000.0, 155.6284300158065 
2361.0184133052826, 1000.0, 155.66303132308374 
2363.2646210193634, 1000.0, 155.66303132308374 
2365.5018281936646, 1000.0, 155.66303132308374 
2367.747036218643, 1000.0, 155.69766724438486 
2369.9892435073853, 1000.0, 155.69766724438486 
2372.2224504947662, 1000.0, 155.73233784419435 
2374.471658706665, 1000.0, 155.73233784419435 
2376.7088656425476, 1000.0, 155.73233784419435 
2378.9520733356476, 1000.0, 155.76704318717145 
2381.1922810077667, 1000.0, 155.76704318717145 
2383.4354887008667, 1000.0, 155.80178333815257 
2385.673696041107, 1000.0, 155.80178333815257 
2387.916903734207, 1000.0, 155.80178333815257 
2390.151110649109, 1000.0, 155.83655836215 
2392.3973186016083, 1000.0, 155.83655836215 
2394.636526107788, 1000.0, 155.83655836215 
2396.8757333755493, 1000.0, 155.8713683243527 
2399.1159410476685, 1000.0, 155.8713683243527 
2401.363149166107, 1000.0, 155.8713683243527 
2403.6033565998077, 1000.0, 155.90621329012959 
2405.8365635871887, 1000.0, 155.90621329012959 
2408.0837717056274, 1000.0, 155.90621329012959 
2410.3229789733887, 1000.0, 155.94109332502595 
2412.5561859607697, 1000.0, 155.94109332502595 
2414.7993936538696, 1000.0, 155.97600849476822 
2417.03760099411, 1000.0, 155.97600849476822 
2419.27880859375, 1000.0, 156.01095886526173 
2421.5240166187286, 1000.0, 156.01095886526173 
2423.764224290848, 1000.0, 156.01095886526173 
2426.008432149887, 1000.0, 156.04594450259196 
2428.248639345169, 1000.0, 156.04594450259196 
2430.482846736908, 1000.0, 156.04594450259196 
2432.7310547828674, 1000.0, 156.08096547302657 
2434.969262123108, 1000.0, 156.08096547302657 
2437.211469888687, 1000.0, 156.08096547302657 
2439.4486770629883, 1000.0, 156.1160218430146 
2441.689884662628, 1000.0, 156.1160218430146 
2443.9370930194855, 1000.0, 156.1160218430146 
2446.1783006191254, 1000.0, 156.15111367918703 
2448.4165081977844, 1000.0, 156.15111367918703 
2450.6517152786255, 1000.0, 156.18624104835942 
2452.8999235630035, 1000.0, 156.18624104835942 
2455.1421313285828, 1000.0, 156.18624104835942 
2457.382339000702, 1000.0, 156.18624104835942 
2459.6215465068817, 1000.0, 156.22140401753018 
2461.856753587723, 1000.0, 156.22140401753018 
2464.0999615192413, 1000.0, 156.22140401753018 
2466.337168931961, 1000.0, 156.2566026538818 
2468.5813767910004, 1000.0, 156.2566026538818 
2470.819584131241, 1000.0, 156.29183702478255 
2473.0667927265167, 1000.0, 156.29183702478255 
2475.3070001602173, 1000.0, 156.29183702478255 
2477.547207593918, 1000.0, 156.32710719778652 
2479.7894155979156, 1000.0, 156.32710719778652 
2482.0226225852966, 1000.0, 156.32710719778652 
2484.269830942154, 1000.0, 156.36241324063468 
2486.5100383758545, 1000.0, 156.36241324063468 
2488.754246711731, 1000.0, 156.36241324063468 
2490.989453792572, 1000.0, 156.39775522125376 
2493.2336616516113, 1000.0, 156.39775522125376 
2495.4728693962097, 1000.0, 156.39775522125376 
2497.7160773277283, 1000.0, 156.43313320776022 
2499.959285259247, 1000.0, 156.43313320776022 
2502.193492412567, 1000.0, 156.43313320776022 
2504.4397003650665, 1000.0, 156.46854726845717 
2506.682908296585, 1000.0, 156.46854726845717 
2508.917115688324, 1000.0, 156.46854726845717 
2511.1553230285645, 1000.0, 156.50399747183852 
2513.396530866623, 1000.0, 156.50399747183852 
2515.3177099227905, 1000.0, 156.50399747183852 
2517.2398891448975, 1000.0, 156.53948388658776 
2519.483097076416, 1000.0, 156.53948388658776 
2521.7243049144745, 1000.0, 156.53948388658776 
2523.967512845993, 1000.0, 156.57500658157784 
2526.206720352173, 1000.0, 156.57500658157784 
2528.4459280967712, 1000.0, 156.57500658157784 
2530.6851358413696, 1000.0, 156.61056562587416 
2532.924343585968, 1000.0, 156.61056562587416 
2535.1695516109467, 1000.0, 156.61056562587416 
2537.4097595214844, 1000.0, 156.64616108873423 
2539.650967359543, 1000.0, 156.64616108873423 
2541.8921749591827, 1000.0, 156.64616108873423 
2544.130382537842, 1000.0, 156.64616108873423 
2546.3705904483795, 1000.0, 156.68179303960696 
2548.6157987117767, 1000.0, 156.68179303960696 
2550.8520061969757, 1000.0, 156.71746154813658 
2553.0982143878937, 1000.0, 156.71746154813658 
2555.3424224853516, 1000.0, 156.71746154813658 
2557.5756294727325, 1000.0, 156.75316668415982 
2559.8228380680084, 1000.0, 156.75316668415982 
2562.0610456466675, 1000.0, 156.75316668415982 
2564.300253391266, 1000.0, 156.75316668415982 
2566.548461675644, 1000.0, 156.7889085177091 
2568.783669233322, 1000.0, 156.7889085177091 
2571.024877309799, 1000.0, 156.7889085177091 
2573.270085334778, 1000.0, 156.82468711901168 
2575.5072932243347, 1000.0, 156.82468711901168 
2577.745500564575, 1000.0, 156.82468711901168 
2579.9907088279724, 1000.0, 156.86050255849193 
2582.235917329788, 1000.0, 156.86050255849193 
2584.4691245555878, 1000.0, 156.86050255849193 
2586.7113325595856, 1000.0, 156.89635490677037 
2588.9555406570435, 1000.0, 156.89635490677037 
2591.1927483081818, 1000.0, 156.89635490677037 
2593.4339561462402, 1000.0, 156.89635490677037 
2595.6781644821167, 1000.0, 156.93224423466617 
2597.9203724861145, 1000.0, 156.93224423466617 
2600.1625804901123, 1000.0, 156.93224423466617 
2602.402714729309, 1000.0, 156.96817061319595 
2604.6438422203064, 1000.0, 156.96817061319595 
2606.876969575882, 1000.0, 156.96817061319595 
2609.1260974407196, 1000.0, 157.00413411357596 
2611.3682248592377, 1000.0, 157.00413411357596 
2613.6013522148132, 1000.0, 157.00413411357596 
2615.844480037689, 1000.0, 157.0401348072223 
2618.085607290268, 1000.0, 157.0401348072223 
2620.328735113144, 1000.0, 157.0401348072223 
2622.5728628635406, 1000.0, 157.07617276575212 
2624.812990427017, 1000.0, 157.07617276575212 
2627.050117254257, 1000.0, 157.07617276575212 
2629.293245077133, 1000.0, 157.07617276575212 
2631.536372900009, 1000.0, 157.11224806098326 
2633.7775003910065, 1000.0, 157.11224806098326 
2636.0096275806427, 1000.0, 157.11224806098326 
2638.225759267807, 1000.0, 157.11224806098326 
2640.496907711029, 1000.0, 157.14836076493566 
2643.7000753879547, 1000.0, 157.14836076493566 
2645.938205718994, 1000.0, 157.18451094983283 
2648.176333427429, 1000.0, 157.18451094983283 
2650.423461675644, 1000.0, 157.18451094983283 
2652.663589477539, 1000.0, 157.18451094983283 
2654.8997173309326, 1000.0, 157.22069868810183 
2657.1448452472687, 1000.0, 157.22069868810183 
2659.3829729557037, 1000.0, 157.22069868810183 
2661.622101545334, 1000.0, 157.25692405237265 
2663.8682301044464, 1000.0, 157.25692405237265 
2666.098358154297, 1000.0, 157.25692405237265 
