# tiempo [s], press [mBar], Temp [C]
0.0, 0.143, 43.453448469704995 
1.8939917087554932, 0.14, 43.43190876549883 
3.5159833431243896, 0.14, 43.41576846070393 
5.119968891143799, 0.14, 43.394267317879866 
7.040953874588013, 0.139, 43.372788151534934 
8.634938478469849, 0.138, 43.35669317329197 
10.237923622131348, 0.138, 43.33525236367828 
11.839908361434937, 0.138, 43.313833414056916 
13.441893100738525, 0.138, 43.29243628229432 
15.363874673843384, 0.135, 43.2764027261631 
16.965859413146973, 0.135, 43.25504367462716 
18.56184434890747, 0.135, 43.23370632569649 
20.16382908821106, 0.135, 43.21239063768272 
22.085810661315918, 0.134, 43.19641806163705 
23.687795639038086, 0.133, 43.175140180267874 
25.279780626296997, 0.133, 43.159195911638136 
26.881765365600586, 0.133, 43.14326374571726 
28.803746700286865, 0.13, 43.1326490169171 
30.405731439590454, 0.13, 43.11673698359263 
31.993716716766357, 0.13, 43.10613566048008 
33.605701208114624, 0.13, 43.09024371166714 
35.523683071136475, 0.13, 43.07436379055082 
37.12566781044006, 0.13, 43.05320924239993 
38.72765254974365, 0.127, 43.03207600552156 
40.33063745498657, 0.127, 43.01096403932786 
42.24861931800842, 0.127, 42.984603931836915 
43.85060405731201, 0.127, 42.96353967687202 
45.44658875465393, 0.125, 42.942496561464196 
47.05357360839844, 0.124, 42.92147454550377 
48.97655510902405, 0.125, 42.90572185598293 
50.57653999328613, 0.125, 42.884736667884084 
52.17052507400513, 0.123, 42.86377246951264 
53.77350974082947, 0.122, 42.848063071361565 
55.695491552352905, 0.122, 42.827135509572315 
57.297476291656494, 0.122, 42.8114535434396 
58.89946103096008, 0.122, 42.790562497270344 
60.4934458732605, 0.121, 42.77490787265404 
62.42242765426636, 0.12, 42.754053221729066 
64.01441240310669, 0.119, 42.73842584856678 
65.61639714241028, 0.119, 42.717607473091476 
67.22038221359253, 0.119, 42.702007261755114 
69.14236378669739, 0.12, 42.68122504251707 
70.74034857749939, 0.119, 42.665651903811664 
72.34233331680298, 0.117, 42.64490572217133 
73.94031834602356, 0.117, 42.629359567333495 
75.85730028152466, 0.117, 42.608649305223565 
77.45928502082825, 0.117, 42.58795951576897 
79.06226968765259, 0.117, 42.572455585838384 
80.66825437545776, 0.117, 42.556963134147395 
82.58523607254028, 0.117, 42.53632435916694 
84.18022108078003, 0.114, 42.52085862760529 
85.78720593452454, 0.115, 42.5054043208481 
87.38119077682495, 0.115, 42.489961422935835 
89.30917239189148, 0.114, 42.47452991794202 
90.90215730667114, 0.115, 42.45910978997159 
92.50914192199707, 0.115, 42.44370102316424 
94.10412693023682, 0.113, 42.428303601689436 
96.02410864830017, 0.113, 42.41804494920058 
97.63009357452393, 0.113, 42.39754273158471 
99.22907853126526, 0.113, 42.382179251459206 
100.8320631980896, 0.113, 42.366827053672495 
102.75004482269287, 0.113, 42.35148612255827 
104.35502982139587, 0.113, 42.331049046653504 
105.95201444625854, 0.113, 42.31573434368937 
107.55199933052063, 0.113, 42.30043085540166 
109.47198128700256, 0.112, 42.280043622566296 
111.07196617126465, 0.112, 42.26476624151698 
112.67595100402832, 0.111, 42.244413762168165 
114.27693605422974, 0.111, 42.22916240420619 
116.19491791725159, 0.111, 42.20884456640934 
117.78590273857117, 0.112, 42.18854647373212 
119.39688754081726, 0.112, 42.16826808989521 
120.99387240409851, 0.11, 42.14800937871675 
122.9168541431427, 0.11, 42.13282823380672 
124.51683902740479, 0.11, 42.11260386301518 
126.11982417106628, 0.11, 42.09744843209904 
127.72380900382996, 0.109, 42.08230399625191 
129.64579057693481, 0.11, 42.06717054038796 
131.24277544021606, 0.11, 42.057087662367366 
132.8377604484558, 0.11, 42.03693650842462 
134.443745136261, 0.11, 42.016804794327754 
136.36672687530518, 0.108, 41.99669248462078 
137.96271204948425, 0.108, 41.976599543939216 
139.5616970062256, 0.108, 41.956525937018256 
141.16168189048767, 0.108, 41.93647162868183 
142.76366662979126, 0.108, 41.91643658385317 
144.68864846229553, 0.108, 41.89642076754507 
146.2886335849762, 0.108, 41.881421503038524 
147.88861846923828, 0.108, 41.86143925274027 
149.81160044670105, 0.108, 41.84147613523322 
151.41358542442322, 0.108, 41.82651633215883 
153.01057028770447, 0.107, 41.806586613749175 
154.6135551929474, 0.107, 41.78667593310104 
156.52953720092773, 0.107, 41.77175539545905 
158.12752223014832, 0.107, 41.75187794821156 
159.7345073223114, 0.107, 41.73698229626771 
161.32849216461182, 0.107, 41.717137977609156 
163.25447392463684, 0.106, 41.702267132934594 
164.8584589958191, 0.106, 41.687406896030154 
166.45644402503967, 0.106, 41.66760972306761 
168.05942916870117, 0.105, 41.65277418202277 
169.97841095924377, 0.105, 41.633009885117815 
171.57239603996277, 0.105, 41.618198962383076 
173.1803810596466, 0.105, 41.59846743837349 
174.78236603736877, 0.105, 41.583681056756944 
176.69534826278687, 0.105, 41.56890516922007 
178.29633331298828, 0.105, 41.5590604006172 
179.90031814575195, 0.105, 41.54430197192724 
181.49530339241028, 0.105, 41.52955399981988 
183.0982882976532, 0.103, 41.51481647028319 
185.01627039909363, 0.103, 41.50008936933281 
186.61825561523438, 0.103, 41.48537268301507 
188.2172405719757, 0.103, 41.47066639739978 
189.8262255191803, 0.103, 41.4510741714287 
191.74720740318298, 0.103, 41.436392100108066 
193.3421926498413, 0.103, 41.42172038326058 
194.94217777252197, 0.103, 41.411944984358115 
196.54116296768188, 0.103, 41.39240795776709 
198.46114492416382, 0.101, 41.37776722158284 
200.0621302127838, 0.101, 41.36313678479169 
201.67011523246765, 0.101, 41.34851663369244 
203.58309698104858, 0.101, 41.32903907522308 
205.18608236312866, 0.101, 41.31444287093228 
206.78706741333008, 0.101, 41.2949971920774 
208.38705229759216, 0.101, 41.28042486047855 
210.30403423309326, 0.101, 41.261010962640256 
211.90701937675476, 0.101, 41.24161518128602 
213.5130045413971, 0.101, 41.2222374844512 
215.11098980903625, 0.101, 41.20287784025274 
216.71097469329834, 0.101, 41.188369935012446 
218.62795662879944, 0.102, 41.169041806458154 
220.23394203186035, 0.101, 41.154557501552716 
221.82592701911926, 0.1, 41.14008328884941 
223.43591213226318, 0.1, 41.12080001457673 
225.35589385032654, 0.0997, 41.10634929867152 
226.94887900352478, 0.1, 41.09190863073786 
228.55186414718628, 0.1, 41.07747799756248 
230.1508493423462, 0.1, 41.058252740164335 
232.06983137130737, 0.1, 41.043845470185204 
233.67381620407104, 0.1, 41.02944819110448 
235.27580165863037, 0.0997, 41.01026733775089 
236.87378692626953, 0.0985, 40.99589331985425 
238.79476881027222, 0.0985, 40.97674343401613 
240.39575386047363, 0.0985, 40.957611201454284 
241.99673891067505, 0.0985, 40.93372068880174 
243.60172414779663, 0.0985, 40.91462806372536 
245.5207061767578, 0.0985, 40.90032011611069 
247.11569142341614, 0.0981, 40.88125818973086 
248.72367644309998, 0.0985, 40.8669732311192 
250.63965845108032, 0.0985, 40.85269810355152 
252.23664355278015, 0.0985, 40.83843279423209 
253.83562874794006, 0.0981, 40.81942763256606 
255.4416139125824, 0.0985, 40.805185182867746 
257.042599439621, 0.0978, 40.786210454497564 
258.9635810852051, 0.0965, 40.76725307520911 
260.5665662288666, 0.0965, 40.75304640803034 
262.16555166244507, 0.0965, 40.73884947020994 
263.76653695106506, 0.0978, 40.724662249146974 
265.6865186691284, 0.0975, 40.705761047614715 
267.2875039577484, 0.0965, 40.691596450111945 
268.8884892463684, 0.0965, 40.677441527532864 
270.48847460746765, 0.0968, 40.658583325710794 
272.40145659446716, 0.0965, 40.64445092939107 
274.0074417591095, 0.0965, 40.63032816642675 
275.6044268608093, 0.0965, 40.616215024398116 
277.2074122428894, 0.0965, 40.60211149091006 
279.1263942718506, 0.0965, 40.58801755359008 
280.7293794155121, 0.0968, 40.573933200087936 
282.3283648490906, 0.0965, 40.555168948949074 
283.92735028266907, 0.0965, 40.54110690979951 
285.8493320941925, 0.0965, 40.527054413474104 
287.4493176937103, 0.0965, 40.50833257493409 
289.0533027648926, 0.0955, 40.494302297608044 
290.64728832244873, 0.0962, 40.475610040092675 
292.56727027893066, 0.0962, 40.45693464633888 
294.17425560951233, 0.0949, 40.44293915055658 
295.7742409706116, 0.0949, 40.42895311234548 
297.3672263622284, 0.0949, 40.4103197522866 
299.2952082157135, 0.0949, 40.39635573477398 
300.8961935043335, 0.0949, 40.38705162237787 
302.49217891693115, 0.0952, 40.37310329380355 
304.0981640815735, 0.0949, 40.36380962958333 
306.01114654541016, 0.0949, 40.34987695662116 
307.61613178253174, 0.0952, 40.34059371839314 
309.216117143631, 0.0946, 40.326676667823506 
310.8161025047302, 0.0933, 40.31276897478634 
312.73708486557007, 0.0933, 40.298870627382 
314.3390700817108, 0.0933, 40.280354014633104 
315.9420557022095, 0.0936, 40.266477427551195 
317.54304099082947, 0.0936, 40.25261014659603 
319.45402336120605, 0.0933, 40.234134894453035 
321.0630085468292, 0.0933, 40.2202892819262 
322.6639940738678, 0.0933, 40.20645293626478 
324.2649793624878, 0.0933, 40.18801887023446 
326.18596172332764, 0.0916, 40.174204101676764 
327.77894711494446, 0.0916, 40.16039856096688 
329.38193249702454, 0.0916, 40.14200550763664 
330.97891783714294, 0.0916, 40.12822145327169 
332.89990043640137, 0.0916, 40.10985700622487 
334.5038857460022, 0.0916, 40.091508867852184 
336.10187101364136, 0.0933, 40.068596587242695 
337.70585656166077, 0.0916, 40.05028504335499 
339.6258387565613, 0.0933, 40.03198971937809 
341.22282433509827, 0.0933, 40.01371058814459 
342.8228096961975, 0.092, 40.00001184990239 
344.4247953891754, 0.0916, 39.98176099079683 
346.3507776260376, 0.0916, 39.96808342562457 
347.9527630805969, 0.0916, 39.94986075600596 
349.54374861717224, 0.092, 39.93620430205607 
351.14973402023315, 0.0916, 39.922556876906214 
353.073716878891, 0.092, 39.90891846926496 
354.66570258140564, 0.0916, 39.89528906786373 
356.26468801498413, 0.0916, 39.88166866145406 
357.8726735115051, 0.091, 39.86805723880727 
359.79065585136414, 0.0897, 39.84992263065254 
361.38864159584045, 0.09, 39.83633212656963 
362.98962688446045, 0.09, 39.82275056897123 
364.5916123390198, 0.09, 39.81370116200563 
366.5105948448181, 0.09, 39.80465572300966 
368.1175801753998, 0.09, 39.79561424869112 
369.7155656814575, 0.09, 39.782059463791796 
371.3185513019562, 0.0897, 39.76851358094237 
373.23153376579285, 0.09, 39.75046623233359 
374.8305194377899, 0.09, 39.73243466377866 
376.43150520324707, 0.0897, 39.714418849186586 
378.0394904613495, 0.09, 39.696418762528396 
379.9594728946686, 0.09, 39.67843437783938 
381.5554587841034, 0.09, 39.660465669216535 
383.1544442176819, 0.09, 39.64251261082035 
384.75542974472046, 0.09, 39.629058071975805 
386.6744124889374, 0.09, 39.611132339489075 
388.27739787101746, 0.0887, 39.59322218649231 
389.87738370895386, 0.0881, 39.579799780380796 
391.4793691635132, 0.0884, 39.56191682991633 
393.40135169029236, 0.0884, 39.55298117223384 
395.00533747673035, 0.0881, 39.53958494869883 
396.5993230342865, 0.0881, 39.52619743122182 
398.20030879974365, 0.0884, 39.51281860910032 
400.1212911605835, 0.0897, 39.499448471652755 
401.716276884079, 0.0884, 39.48608700821532 
403.33026242256165, 0.0884, 39.46828519814298 
404.93024802207947, 0.0884, 39.450498764437725 
406.8422386646271, 0.0884, 39.43272768198116 
408.4462387561798, 0.0881, 39.419409429321604 
410.0462386608124, 0.0881, 39.410535378439874 
411.6472384929657, 0.0884, 39.4016651512967 
413.572238445282, 0.0881, 39.39279874477589 
415.1742386817932, 0.0884, 39.38393615576376 
416.77323842048645, 0.0881, 39.37064942327126 
418.37023878097534, 0.0884, 39.35737126269902 
420.2942385673523, 0.0881, 39.339680364621955 
421.89223861694336, 0.0871, 39.32200466217711 
423.4932384490967, 0.0871, 39.304344130680306 
425.0922384262085, 0.0871, 39.286698745507294 
427.01223850250244, 0.0868, 39.26906848209231 
428.6142387390137, 0.0868, 39.2514533159293 
430.2172384262085, 0.0871, 39.23385322256772 
431.82123851776123, 0.0868, 39.21626817761799 
433.7412383556366, 0.0868, 39.20308925478636 
435.3422386646271, 0.0868, 39.18553048604289 
436.94223856925964, 0.0871, 39.1679866989349 
438.54123854637146, 0.0871, 39.154838675759294 
440.45523858070374, 0.0868, 39.14169905597791 
442.0622386932373, 0.0871, 39.12856782943177 
443.66523838043213, 0.0871, 39.11544498597951 
445.26023864746094, 0.0868, 39.10233051549989 
447.18623876571655, 0.0871, 39.084857562017504 
448.7832386493683, 0.0868, 39.07176258920319 
450.3862385749817, 0.0868, 39.058675955747276 
451.9852385520935, 0.0871, 39.041240066112096 
453.9052383899689, 0.0871, 39.02817285212126 
455.50823855400085, 0.0871, 39.01076281876132 
457.1052384376526, 0.0852, 38.997714969770556 
458.70623874664307, 0.0868, 38.98467540344785 
460.63123869895935, 0.0852, 38.97164410984803 
462.22523856163025, 0.0852, 38.95862107904256 
463.8252384662628, 0.0852, 38.94560630112326 
465.4322385787964, 0.0855, 38.93259976619581 
467.3492383956909, 0.0852, 38.92393331747385 
468.9522385597229, 0.0855, 38.91527052499319 
470.55423855781555, 0.0852, 38.90228318534119 
472.1542387008667, 0.0852, 38.89362952070462 
474.072238445282, 0.0852, 38.88065585916894 
475.6742386817932, 0.0855, 38.86769039142362 
477.27523851394653, 0.0855, 38.85473310768023 
478.87623858451843, 0.0855, 38.83746944313819 
480.79523849487305, 0.0852, 38.824531217427875 
482.39423871040344, 0.0852, 38.81160114321466 
483.9982385635376, 0.0852, 38.798679210783575 
485.5952386856079, 0.0855, 38.781462615778736 
487.516238451004, 0.0855, 38.76855964315749 
489.119238615036, 0.0848, 38.75566478006047 
490.72023844718933, 0.0835, 38.7384842274183 
492.32123851776123, 0.0835, 38.72560824908021 
494.237238407135, 0.0835, 38.70845284123189 
495.840238571167, 0.0835, 38.695595695377335 
497.4412384033203, 0.0835, 38.67846536276488 
499.0372383594513, 0.0832, 38.66562699733075 
500.95823860168457, 0.0835, 38.6485216706771 
502.56323862075806, 0.0832, 38.635702033811015 
504.1632385253906, 0.0832, 38.6186216441217 
505.762238740921, 0.0832, 38.60582068418324 
507.69023871421814, 0.0832, 38.58876516274273 
509.2862386703491, 0.0835, 38.5759828282994 
510.89023876190186, 0.0835, 38.55895210666995 
512.4902386665344, 0.0835, 38.5419355257408 
514.4042384624481, 0.0835, 38.52918235652044 
516.0122385025024, 0.0832, 38.51219046841635 
517.6132385730743, 0.0835, 38.49945579338939 
519.2122385501862, 0.0832, 38.48248853038368 
521.1332385540009, 0.0835, 38.4697722988559 
522.7332384586334, 0.0835, 38.45282959349126 
524.3302385807037, 0.0835, 38.440131754974544 
525.9332385063171, 0.0835, 38.42744178377009 
527.8522386550903, 0.0835, 38.41475967065986 
529.4512386322021, 0.0832, 38.39786239430387 
531.0592386722565, 0.0832, 38.385198580974134 
532.6602385044098, 0.0832, 38.3683256710209 
534.5762386322021, 0.0819, 38.355680107560715 
536.1742386817932, 0.0819, 38.33883149759268 
537.7822387218475, 0.0819, 38.3262041342887 
539.3822386264801, 0.0819, 38.31779021759087 
540.9802384376526, 0.0819, 38.30517582407282 
542.8992385864258, 0.0819, 38.296770545495406 
544.5012385845184, 0.0819, 38.28836871746873 
546.1042385101318, 0.0816, 38.27577243934829 
547.7072386741638, 0.0839, 38.263183909905536 
549.6242384910583, 0.0826, 38.254795857310484 
551.2252385616302, 0.0822, 38.24222022229938 
552.8252384662628, 0.0819, 38.229652311954396 
554.7412383556366, 0.0835, 38.21709211730169 
556.3442385196686, 0.0835, 38.200357177799816 
557.9512386322021, 0.0822, 38.18781495160732 
559.5432386398315, 0.0816, 38.171103937629226 
561.4702386856079, 0.0819, 38.15440656633217 
563.0682384967804, 0.0819, 38.13772281665234 
564.6722385883331, 0.0819, 38.12105266757325 
566.2682385444641, 0.0819, 38.10439609812494 
567.8682384490967, 0.0819, 38.087753087386545 
569.793238401413, 0.0809, 38.075279714676896 
571.3952386379242, 0.08, 38.05866038148105 
572.9952385425568, 0.08, 38.042054549704034 
574.5892384052277, 0.08, 38.029609023697105 
576.516238451004, 0.0819, 38.01302676951536 
578.1122386455536, 0.0803, 38.0005989029502 
579.715238571167, 0.08, 37.98817859020724 
581.318238735199, 0.08, 37.975765822600465 
583.2392385005951, 0.08, 37.967494831655785 
584.833238363266, 0.08, 37.95509462001678 
586.438238620758, 0.0819, 37.946831991705665 
588.034238576889, 0.0819, 37.93857270396879 
589.9632387161255, 0.0819, 37.93031675425033 
591.5622386932373, 0.0819, 37.91793908287468 
593.1542387008667, 0.0819, 37.89732628455732 
594.7592387199402, 0.0819, 37.876734269278614 
596.6832385063171, 0.0803, 37.85616299741585 
598.284238576889, 0.08, 37.83972088862697 
599.8872385025024, 0.0803, 37.82739799053124 
601.7982387542725, 0.0803, 37.81508252598954 
603.4022386074066, 0.0803, 37.806876341857674 
605.0012385845184, 0.08, 37.80277448651924 
606.6052384376526, 0.0803, 37.79457324773023 
608.5152385234833, 0.0803, 37.782277564567664 
610.1282384395599, 0.08, 37.76998928392766 
611.7272386550903, 0.0803, 37.7577083973778 
613.3292384147644, 0.0803, 37.737256661586514 
614.9292385578156, 0.08, 37.720910018176966 
616.8472385406494, 0.0803, 37.700495112869135 
618.4532384872437, 0.0803, 37.68417788364741 
620.0492384433746, 0.08, 37.66787369526472 
621.6472384929657, 0.0803, 37.65158252800771 
623.572238445282, 0.08, 37.639372685845615 
625.1672387123108, 0.0796, 37.62717014872186 
626.7732384204865, 0.0793, 37.61903917824341 
628.3752386569977, 0.0787, 37.61091144832679 
630.2992386817932, 0.0784, 37.606848797815815 
631.898238658905, 0.0784, 37.59466570040959 
633.4962384700775, 0.0784, 37.58654767752952 
635.101238489151, 0.0784, 37.5703213217503 
637.0192387104034, 0.0784, 37.5541078697384 
638.6202385425568, 0.0784, 37.533859171084714 
640.2182385921478, 0.0784, 37.51363056643467 
641.8192386627197, 0.0787, 37.49746212505303 
643.7402384281158, 0.0774, 37.48130650044004 
645.3152387142181, 0.0767, 37.46919818142294 
646.9422385692596, 0.0787, 37.46112996398358 
648.53923869133, 0.0787, 37.449033624696966 
650.4612383842468, 0.0767, 37.440973386267245 
652.063238620758, 0.0771, 37.432916335260586 
653.6662385463715, 0.0767, 37.4248624692932 
655.2662386894226, 0.0767, 37.41681178598242 
657.1862387657166, 0.0767, 37.40474172329155 
658.7912385463715, 0.0767, 37.38464083174864 
660.3902387619019, 0.0767, 37.364559757616405 
661.994238615036, 0.0767, 37.34449846394594 
663.9112386703491, 0.0767, 37.328463646179046 
665.5132384300232, 0.0771, 37.31244144550644 
667.1162385940552, 0.0767, 37.30443507071041 
668.7172384262085, 0.0767, 37.30043306367253 
670.6302387714386, 0.0767, 37.292431408851456 
672.2312386035919, 0.0771, 37.28443289775521 
673.8302385807037, 0.0767, 37.27244102048397 
675.436238527298, 0.0764, 37.256462832036846 
677.3562386035919, 0.0754, 37.240497176507176 
678.9582386016846, 0.0751, 37.22055770318906 
680.5572385787964, 0.0748, 37.204620178805015 
682.1512386798859, 0.0751, 37.18869512705771 
684.0762386322021, 0.0764, 37.172782529485374 
685.6762385368347, 0.0764, 37.16085624327502 
687.2792387008667, 0.0764, 37.14893694441875 
688.8852384090424, 0.0754, 37.13702462517057 
690.8012385368347, 0.0761, 37.12115237664787 
692.4022386074066, 0.0771, 37.10925631310823 
694.0072386264801, 0.0767, 37.097367203453814 
695.6072385311127, 0.0758, 37.081525861114926 
697.5252385139465, 0.0767, 37.06965294730995 
699.1222386360168, 0.0751, 37.05778696180738 
700.7232387065887, 0.0751, 37.045927896957465 
702.3322384357452, 0.0748, 37.03407574512454 
704.2472386360168, 0.0748, 37.02617814736908 
705.8492383956909, 0.0751, 37.0143375002981 
707.4492385387421, 0.0751, 37.00644756533822 
709.0512385368347, 0.0751, 36.99856069155763 
710.9702386856079, 0.0751, 36.990676876709074 
712.572238445282, 0.0751, 36.97885688502424 
714.1742386817932, 0.0751, 36.96704376332096 
715.7762384414673, 0.0751, 36.95523750404408 
717.6982386112213, 0.0751, 36.939506486860836 
719.2972385883331, 0.0751, 36.923787638300155 
720.898238658905, 0.0748, 36.908080940556914 
722.4982385635376, 0.0745, 36.88454363787332 
724.4212384223938, 0.0738, 36.86886723953296 
726.0142385959625, 0.0738, 36.872785205102986 
727.6202385425568, 0.0738, 36.86886723953296 
729.2172384262085, 0.0738, 36.84146262051354 
731.1442384719849, 0.0738, 36.821910506843665 
732.737238407135, 0.0738, 36.806282358074725 
734.340238571167, 0.0738, 36.798472791721764 
735.9442384243011, 0.0738, 36.794569134595946 
737.8322384357452, 0.0738, 36.78676407108017 
739.465238571167, 0.0738, 36.778962006727454 
741.0512385368347, 0.0738, 36.76726452885919 
742.6682386398315, 0.0738, 36.75167836843869 
744.590238571167, 0.0738, 36.728321542652026 
746.1822385787964, 0.0738, 36.708878030849604 
747.7852385044098, 0.0738, 36.69333662160619 
749.3922386169434, 0.0738, 36.6816883701334 
751.3082385063171, 0.0738, 36.677807104961204 
752.909238576889, 0.0738, 36.67392658200046 
754.5012385845184, 0.0738, 36.66616776163943 
756.1152386665344, 0.0734, 36.65453509097193 
758.034238576889, 0.073, 36.63516211499788 
759.6372385025024, 0.0726, 36.61580762064568 
761.2292385101318, 0.0728, 36.59260657622369 
762.8372385501862, 0.0736, 36.581015998124 
764.7542386054993, 0.0738, 36.57329262419506 
766.3592386245728, 0.0738, 36.56943203987646 
767.9532384872437, 0.0738, 36.56557219030287 
769.5582387447357, 0.0736, 36.5539970474 
771.4812383651733, 0.073, 36.54242850767821 
773.079238653183, 0.0736, 36.52701404734566 
774.6762385368347, 0.0738, 36.50391430682387 
776.278238773346, 0.0738, 36.48468460774285 
778.2032384872437, 0.0738, 36.47315553784455 
779.7972385883331, 0.0736, 36.46547313253291 
781.398238658905, 0.0734, 36.46163302147917 
783.0002384185791, 0.073, 36.457793637813694 
784.9222385883331, 0.0728, 36.44627984853082 
786.521238565445, 0.073, 36.42327187426261 
788.1232385635376, 0.0726, 36.400289992301595 
789.7252385616302, 0.0728, 36.3849832057486 
791.6362385749817, 0.0728, 36.37733414669515 
793.2432386875153, 0.0728, 36.37733414669515 
794.8452384471893, 0.0728, 36.37351069982034 
796.4482386112213, 0.0726, 36.358224123994376 
798.3672385215759, 0.0728, 36.339132111176184 
799.9662387371063, 0.0728, 36.31624542364892 
801.5712385177612, 0.0728, 36.30100198687319 
803.1702387332916, 0.0726, 36.29338456882542 
804.7742385864258, 0.0728, 36.29338456882542 
806.6922385692596, 0.0728, 36.28577001494989 
808.2982387542725, 0.0728, 36.27435355000432 
809.8972384929657, 0.0716, 36.25534040045514 
811.4912385940552, 0.0716, 36.23254816376107 
813.41423869133, 0.0718, 36.21736758232527 
815.021238565445, 0.0718, 36.20598961234549 
816.6212384700775, 0.0716, 36.20219837645476 
818.5402386188507, 0.0716, 36.19840785052912 
820.1372385025024, 0.0718, 36.19082892756677 
821.7392385005951, 0.0718, 36.175679590158495 
823.340238571167, 0.0718, 36.15675885116724 
825.2592387199402, 0.0716, 36.13785578603904 
826.858238697052, 0.0716, 36.12274603813319 
828.4582386016846, 0.0718, 36.11142112751682 
830.061238527298, 0.0718, 36.11142112751682 
831.6682386398315, 0.0716, 36.107647565567135 
833.5862386226654, 0.0716, 36.09256035242527 
835.1862387657166, 0.0716, 36.073717145369756 
836.784238576889, 0.0716, 36.0511284431407 
838.3882384300232, 0.0716, 36.036083311653016 
840.3092384338379, 0.0716, 36.03232377693905 
841.9082386493683, 0.0716, 36.03232377693905 
843.5062386989594, 0.0716, 36.024806803578144 
845.1142387390137, 0.0718, 36.009781234248806 
847.0292384624481, 0.0716, 35.98726379430721 
848.6292383670807, 0.0716, 35.96851839859326 
850.2352385520935, 0.0711, 35.953534586464286 
851.8312385082245, 0.0705, 35.94604684318858 
853.7492384910583, 0.0705, 35.938561872513105 
855.3522386550903, 0.0705, 35.938561872513105 
856.9572384357452, 0.0705, 35.931079672493524 
858.5602385997772, 0.0705, 35.91238628133837 
860.4742386341095, 0.0705, 35.88997701125413 
862.0752387046814, 0.0705, 35.8713215835229 
863.6842384338379, 0.0705, 35.860136588597385 
865.6022386550903, 0.0705, 35.85268336368904 
867.2052385807037, 0.0705, 35.85268336368904 
868.8042385578156, 0.0705, 35.845232887239376 
870.407238483429, 0.0705, 35.83406232173169 
872.3202385902405, 0.0705, 35.815458427710354 
873.9212384223938, 0.0705, 35.79315634811209 
875.5262386798859, 0.0705, 35.77830196408351 
877.1232385635376, 0.0705, 35.76716834148894 
878.7242386341095, 0.0705, 35.76345849753528 
880.6482384204865, 0.0705, 35.759749334975425 
882.2512385845184, 0.0705, 35.75233305308882 
883.8482384681702, 0.0705, 35.73750865562798 
885.4502387046814, 0.0705, 35.72269513398277 
887.3742387294769, 0.0705, 35.700495210659454 
888.9662387371063, 0.0705, 35.68570881258779 
890.5682384967804, 0.0703, 35.67093323763888 
892.1692385673523, 0.0695, 35.667241033257966 
894.0912384986877, 0.0695, 35.66354950415152 
895.6892385482788, 0.0695, 35.659858650086164 
897.2892384529114, 0.0695, 35.645101979564345 
898.898238658905, 0.0695, 35.62667130183246 
900.8092384338379, 0.0695, 35.60457668544018 
902.4172384738922, 0.0695, 35.58986037062087 
904.0112385749817, 0.0695, 35.582506236483454 
905.619238615036, 0.0695, 35.57883017442339 
907.5372383594513, 0.0695, 35.57515478206139 
909.141238451004, 0.0693, 35.56780600550667 
910.7432386875153, 0.0695, 35.55311647861751 
912.3352386951447, 0.0695, 35.53476960017224 
914.2572383880615, 0.0695, 35.51277535236477 
915.8562386035919, 0.0695, 35.49812583473789 
917.4612383842468, 0.0695, 35.49446511751427 
919.0572385787964, 0.0695, 35.49446511751427 
920.9862387180328, 0.0695, 35.48714567608954 
922.5782387256622, 0.0695, 35.46520327956557 
924.1872386932373, 0.0695, 35.44328473643594 
925.7812385559082, 0.0693, 35.43233439456441 
927.7022385597229, 0.0693, 35.42868560201367 
929.3102385997772, 0.0695, 35.42868560201367 
930.9022386074066, 0.0688, 35.41774318541263 
932.5022387504578, 0.0684, 35.3958761566135 
934.4322385787964, 0.0684, 35.3776717377892 
936.0252385139465, 0.0682, 35.36312003314279 
937.6312386989594, 0.0684, 35.3558481193526 
939.2302386760712, 0.0682, 35.3558481193526 
941.1532385349274, 0.0682, 35.34857882885956 
942.7502386569977, 0.0684, 35.33404811060501 
944.3472385406494, 0.0682, 35.31227166324567 
945.9562385082245, 0.0684, 35.29414258731552 
947.8732385635376, 0.0684, 35.28689552273275 
949.4732384681702, 0.0684, 35.283272967936824 
951.0782387256622, 0.0682, 35.283272967936824 
952.675238609314, 0.0682, 35.26878926021206 
954.5942387580872, 0.0684, 35.25069925974003 
956.1912386417389, 0.0684, 35.22901268618688 
957.7992386817932, 0.0684, 35.214567934512445 
959.3932385444641, 0.0684, 35.207349442603174 
961.3192386627197, 0.0684, 35.207349442603174 
962.9172384738922, 0.0684, 35.20013353763977 
964.5182387828827, 0.0684, 35.17850132687781 
966.1202385425568, 0.0684, 35.16049222365439 
968.0432386398315, 0.0682, 35.16049222365439 
969.6402385234833, 0.0684, 35.156892335561594 
971.2432386875153, 0.0684, 35.138902545867325 
972.8462386131287, 0.0684, 35.11374382288079 
974.7662386894226, 0.0684, 35.10656138918034 
976.3562386035919, 0.0684, 35.10656138918034 
977.9682385921478, 0.0684, 35.10297113339189 
979.5642385482788, 0.0682, 35.08144303989633 
981.483238697052, 0.0678, 35.05993795485779 
983.090238571167, 0.0674, 35.04919402597224 
984.6822385787964, 0.0672, 35.04561399100476 
986.2912385463715, 0.0672, 35.042034593010044 
988.2032384872437, 0.0672, 35.0348777070804 
989.8042385578156, 0.0672, 35.01342231435231 
991.4112386703491, 0.0672, 34.995560286145036 
993.0062386989594, 0.0672, 34.98128207649006 
994.9312386512756, 0.0672, 34.98128207649006 
996.532238483429, 0.0672, 34.977714107428255 
998.1352386474609, 0.0672, 34.95988375160405 
999.7302386760712, 0.067, 34.93850817347442 
1001.657238483429, 0.0672, 34.92782890014891 
1003.2532384395599, 0.0674, 34.92427040255552 
1004.8572385311127, 0.0672, 34.92427040255552 
1006.4552385807037, 0.0672, 34.91004270746501 
1008.3752386569977, 0.0672, 34.88872002750685 
1009.9772384166718, 0.0674, 34.87096838942557 
1011.5732383728027, 0.0672, 34.86387212176291 
1013.1762385368347, 0.0674, 34.86387212176291 
1015.0982387065887, 0.0672, 34.85677835877189 
1016.697238445282, 0.0672, 34.846142406883075 
1018.2972385883331, 0.0672, 34.82488737579226 
1019.9052383899689, 0.0672, 34.80719200829054 
1021.8262386322021, 0.0674, 34.789512211626885 
1024.0592386722565, 0.0672, 34.789512211626885 
1025.9842386245728, 0.067, 34.78244464698855 
1027.9032385349274, 0.0666, 34.775379567881714 
1029.50723862648, 0.0668, 34.761256859646636 
1031.1092383861542, 0.0672, 34.747144073707574 
1033.0302386283875, 0.0661, 34.72951702442509 
1034.6262385845184, 0.0661, 34.71190543242628 
1036.2262387275696, 0.0661, 34.69782727084092 
1037.8302385807037, 0.0661, 34.690791889548905 
1039.75323843956, 0.0661, 34.687275123062676 
1041.356238603592, 0.0661, 34.68375897241029 
1042.9562385082245, 0.0661, 34.67672851779167 
1044.5512385368347, 0.0661, 34.65916314406792 
1046.4792385101318, 0.0661, 34.634597411744295 
1048.713238477707, 0.0661, 34.617068847637825 
1050.9582386016846, 0.0661, 34.60655905204382 
1053.199238538742, 0.0661, 34.603057009444285 
1055.1162385940552, 0.0661, 34.59605475693314 
1057.0412385463715, 0.0661, 34.582057577014666 
1058.641238451004, 0.0664, 34.55758597995268 
1060.2422387599945, 0.0661, 34.54361559827902 
1062.1642384529114, 0.0661, 34.54361559827902 
1064.0842385292053, 0.0661, 34.53663405352384 
1066.0012385845184, 0.0664, 34.51221776151726 
1067.6082384586334, 0.0661, 34.49827892553833 
1069.2002384662628, 0.0661, 34.49827892553833 
1070.8082385063171, 0.0661, 34.49479572942451 
1072.722238779068, 0.0661, 34.480868990526716 
1074.3292384147644, 0.0661, 34.45999699702679 
1075.9332385063171, 0.0659, 34.442620247149506 
1077.5252385139465, 0.0659, 34.43567376106739 
1079.4472386837006, 0.0653, 34.43567376106739 
1081.0522384643555, 0.0653, 34.43220142020823 
1082.646238565445, 0.0653, 34.41484872985893 
1084.5682384967804, 0.0653, 34.38711562591854 
1086.489238500595, 0.0653, 34.37672559486725 
1088.4182386398315, 0.0653, 34.38018834023859 
1090.0182387828827, 0.0653, 34.37672559486725 
1091.6182386875153, 0.0653, 34.35596167488063 
1093.213238477707, 0.0653, 34.335219242580536 
1095.1342387199402, 0.0653, 34.33176425665678 
1096.7412383556366, 0.0653, 34.32830986625058 
1098.6622385978699, 0.0653, 34.31449825591321 
1100.5782387256622, 0.0653, 34.293798672946 
1102.1782386302948, 0.0653, 34.276565340351794 
1104.0982387065887, 0.0653, 34.27312045186551 
1105.7032384872437, 0.0653, 34.27312045186551 
1107.6202385425568, 0.0653, 34.25934681826635 
1109.5402386188507, 0.0653, 34.235265723171125 
1111.143238544464, 0.0653, 34.221518084106265 
1113.061238527298, 0.0653, 34.221518084106265 
1114.6642384529114, 0.0651, 34.221518084106265 
1116.588238477707, 0.0651, 34.20091430208538 
1118.5062386989594, 0.0653, 34.18033169527405 
1120.1052384376526, 0.0653, 34.16662170107497 
1122.032238483429, 0.0653, 34.163195668740684 
1123.6332385540009, 0.0653, 34.163195668740684 
1125.5462386608124, 0.0653, 34.14265177633581 
1127.467238664627, 0.0653, 34.12212894283067 
1129.066238641739, 0.0653, 34.11187541040414 
1130.992238521576, 0.0653, 34.11529267102523 
1132.5972385406494, 0.0651, 34.10845873305158 
1134.516238451004, 0.0653, 34.081146289336715 
1136.4352385997772, 0.0651, 34.06409491937026 
1138.032238483429, 0.0653, 34.057278437171306 
1139.954238653183, 0.0653, 34.06068638804476 
1141.5522384643555, 0.0651, 34.0538710665634 
1143.4742386341095, 0.0645, 34.02663296882787 
1145.3972384929657, 0.0643, 34.00962796783659 
1146.9972383975983, 0.0641, 34.00622870134711 
1148.9192385673523, 0.0641, 34.00283001232742 
1151.159238576889, 0.0643, 33.98924102723399 
1153.4052383899689, 0.0643, 33.96209071922405 
1155.6452383995056, 0.0643, 33.948529372637466 
1157.8832385540009, 0.0643, 33.948529372637466 
1160.1292383670807, 0.0643, 33.93497721525202 
1162.3702387809753, 0.0643, 33.907900420990046 
1164.6072385311127, 0.0643, 33.894375760619795 
1166.206238746643, 0.0643, 33.894375760619795 
1168.1262385845184, 0.0641, 33.89099602445626 
1170.0532383918762, 0.0643, 33.874105908065445 
1171.6442384719849, 0.0643, 33.85385658606157 
1173.5702385902405, 0.0643, 33.83699780574116 
1175.811238527298, 0.0643, 33.84036842449433 
1177.407238483429, 0.0641, 33.83362775528059 
1179.3292384147644, 0.0639, 33.81341937650373 
1181.2492384910583, 0.0639, 33.79659465569935 
1182.8552386760712, 0.0632, 33.77978408794246 
1184.7792387008667, 0.063, 33.77306381864685 
1187.0132384300232, 0.0632, 33.76970453138108 
1189.260238647461, 0.063, 33.7629876507138 
1191.5012385845184, 0.0632, 33.742850546705284 
1193.7292385101318, 0.0632, 33.71938288371177 
1195.9852385520935, 0.0632, 33.69928966415611 
1198.2182385921478, 0.0632, 33.69259641361339 
1200.4662387371063, 0.063, 33.68925062928719 
1202.704238653183, 0.063, 33.67921663795448 
1204.9392385482788, 0.063, 33.659163766724475 
1207.1892385482788, 0.063, 33.63579417287838 
1209.4232385158539, 0.0632, 33.619118336188365 
1211.6652383804321, 0.0632, 33.61578483959329 
1213.9032385349274, 0.063, 33.60911951573692 
1216.146238565445, 0.0632, 33.5991257006533 
1218.3922386169434, 0.0632, 33.57915306762962 
1220.6362385749817, 0.0632, 33.55587689289834 
1222.8752386569977, 0.0632, 33.53926765782498 
1225.1092383861542, 0.063, 33.53594746894575 
1227.3552386760712, 0.063, 33.532627832372384 
1229.595238685608, 0.063, 33.519354805659674 
1231.8392386436462, 0.063, 33.496148232568174 
1234.0642385482788, 0.063, 33.472968620483414 
1236.3222386837006, 0.063, 33.46635081790146 
1238.5572385787964, 0.0632, 33.463042739702246 
1240.800238609314, 0.063, 33.44981591017276 
1242.72123837471, 0.0622, 33.429992096763186 
1244.6442384719849, 0.0622, 33.416787159061556 
1246.246238708496, 0.062, 33.40688919039172 
1248.1682386398315, 0.062, 33.40359095889585 
1250.0822386741638, 0.062, 33.400293272812746 
1251.684238433838, 0.062, 33.390403485329784 
1253.6082384586334, 0.062, 33.373931398520085 
1255.2032384872437, 0.062, 33.35418284048268 
1256.8102385997772, 0.062, 33.34431589236485 
1258.7262387275696, 0.062, 33.337740638992756 
1260.9692385196686, 0.062, 33.33445382541058 
1263.213238477707, 0.0622, 33.314744316723846 
1265.4462387561798, 0.062, 33.29177449516837 
1267.6962385177612, 0.062, 33.2786607588975 
1269.9342386722565, 0.062, 33.2786607588975 
1271.8522386550903, 0.0622, 33.2721071253153 
1273.778238773346, 0.0622, 33.259006320546604 
1275.3752386569977, 0.062, 33.23937124929503 
1277.2942385673523, 0.062, 33.22302345818858 
1279.2162384986877, 0.062, 33.21648809588234 
1280.8152387142181, 0.062, 33.209954876800566 
1282.7362384796143, 0.062, 33.20668907055321 
1284.3392386436462, 0.062, 33.20342379961227 
1286.262238740921, 0.062, 33.18710546870747 
1288.1802384853363, 0.0616, 33.17080049560272 
1289.7812385559082, 0.0612, 33.15450885961394 
1291.699238538742, 0.061, 33.14148513967723 
1293.3052384853363, 0.061, 33.13823054010538 
1295.2292385101318, 0.0607, 33.134976472368294 
1297.1512386798859, 0.061, 33.1284699317423 
1298.7512385845184, 0.061, 33.11871410545959 
1300.6642384529114, 0.0607, 33.102465009794514 
1302.2702386379242, 0.0607, 33.08622916488483 
1304.184238433838, 0.061, 33.07000655029043 
1306.1082384586334, 0.061, 33.06027932359942 
1307.7072386741638, 0.061, 33.05379714561653 
1309.62823843956, 0.061, 33.04731707796523 
1311.2352385520935, 0.061, 33.0440778351072 
1313.1562385559082, 0.061, 33.03436326845568 
1315.0802385807037, 0.061, 33.02465344128217 
1316.675238609314, 0.061, 33.00848091628143 
1318.595238685608, 0.061, 32.98586143993464 
1320.834238767624, 0.061, 32.97294756048251 
1323.0802385807037, 0.061, 32.96649376264412 
1325.3192386627197, 0.061, 32.963267648633945 
1327.561238527298, 0.061, 32.95359244431424 
1329.8032386302948, 0.0607, 32.934256140937634 
1332.045238494873, 0.061, 32.91172085147605 
1334.2852385044098, 0.061, 32.895639834312476 
1336.5262386798859, 0.061, 32.88921106648286 
1338.7702386379242, 0.061, 32.88278437619209 
1341.0042386054993, 0.061, 32.87635976217172 
1343.2452385425568, 0.061, 32.86030730247276 
1345.4932384490967, 0.0607, 32.83785560870217 
1347.7272386550903, 0.061, 32.82183419329681 
1349.9722385406494, 0.061, 32.815429240685006 
1352.2182385921478, 0.061, 32.81222753808163 
1354.4592385292053, 0.061, 32.80262552319482 
1356.6922385692596, 0.061, 32.78663246537428 
1358.938238620758, 0.061, 32.76426378219216 
1361.1792385578156, 0.061, 32.74830155173842 
1363.4172384738922, 0.061, 32.738730364260704 
1365.659238576889, 0.0601, 32.732352132843914 
1367.9042384624481, 0.0599, 32.72597594816355 
1370.1422386169434, 0.0599, 32.713229714043194 
1372.38223862648, 0.0597, 32.69094346235107 
1374.6262385845184, 0.0597, 32.67186084001909 
1376.8682384490967, 0.0599, 32.66232639897038 
1379.1022386550903, 0.0599, 32.65597264659962 
1381.3412384986877, 0.0599, 32.64644582746038 
1383.585238456726, 0.0599, 32.640097152519274 
1385.827238559723, 0.0599, 32.62740588787426 
1388.0692384243011, 0.0597, 32.611553204244416 
1390.311238527298, 0.0599, 32.59254667450699 
1392.5532383918762, 0.0599, 32.57355832158612 
1394.7882385253906, 0.0599, 32.56407095115304 
1397.0352385044098, 0.0599, 32.5545881126003 
1399.2692384719849, 0.0597, 32.54826873592057 
1401.516238451004, 0.0597, 32.538793441403186 
1403.760238647461, 0.0597, 32.5293226678541 
1405.9932384490967, 0.0589, 32.5167019953538 
1408.2362384796143, 0.0599, 32.50408934321587 
1410.483238697052, 0.0599, 32.49148470179591 
1412.72123837471, 0.0599, 32.482036471974965 
1414.9622385501862, 0.0599, 32.46629941262634 
1417.2032251358032, 0.0599, 32.456863164634456 
1419.4382066726685, 0.0599, 32.444288477815604 
1421.6821882724762, 0.0597, 32.43172175614146 
1423.9221696853638, 0.0597, 32.42230193626972 
1426.1611514091492, 0.0591, 32.40974913064022 
1428.4081330299377, 0.0589, 32.39720426394473 
1430.6521146297455, 0.0587, 32.38153433023186 
1432.8870961666107, 0.0589, 32.36900729143056 
1435.1300778388977, 0.0587, 32.356488160751155 
1437.3680596351624, 0.0589, 32.343976928747935 
1439.60804104805, 0.0589, 32.32834898189256 
1441.8520226478577, 0.0587, 32.31585548746045 
1444.0980043411255, 0.0589, 32.30024968282629 
1446.3319861888885, 0.0587, 32.28777387841893 
1448.5739674568176, 0.0589, 32.27530592103298 
1450.7989494800568, 0.0589, 32.26284580132935 
1453.0599308013916, 0.0589, 32.24728165924134 
1455.2999126911163, 0.0589, 32.23794903769854 
1457.5368943214417, 0.0587, 32.22551237517678 
1459.4608790874481, 0.0589, 32.219296969678425 
1461.3858637809753, 0.0589, 32.21308351314627 
1463.62384557724, 0.0587, 32.20687200442174 
1465.8648273944855, 0.0587, 32.194454825778195 
1468.1018090248108, 0.0589, 32.175843637518454 
1470.3517909049988, 0.0589, 32.160347658908535 
1472.5927724838257, 0.0589, 32.144863792913384 
1474.8277542591095, 0.0587, 32.1324854091622 
1477.0697357654572, 0.0587, 32.120114756867395 
1479.315717458725, 0.0587, 32.1139323271604 
1481.5566992759705, 0.0587, 32.104662299941396 
1483.794681072235, 0.0587, 32.09848469169563 
1486.0306627750397, 0.0587, 32.08922189133082 
1488.268644809723, 0.0587, 32.076878227286585 
1490.519626379013, 0.0585, 32.06145946088472 
1492.7546083927155, 0.058, 32.04297277786799 
1494.999589920044, 0.0576, 32.02758038518664 
1497.2385716438293, 0.0576, 32.01527508297113 
1499.4795534610748, 0.0576, 32.00605112402704 
1501.7205352783203, 0.0576, 31.99683146176733 
1503.9665169715881, 0.0576, 31.993759195178455 
1506.2004985809326, 0.0576, 31.98454525594218 
1508.4464802742004, 0.0576, 31.975335604562247 
1510.6824624538422, 0.0576, 31.959995703909243 
1512.9294440746307, 0.0576, 31.944667686029334 
1515.1684260368347, 0.0576, 31.926289725316025 
1517.4084076881409, 0.0578, 31.91098778829081 
1519.6493895053864, 0.0576, 31.898754755071508 
1521.8853714466095, 0.0576, 31.889584942242863 
1524.1263530254364, 0.0578, 31.880419378487517 
1526.3723349571228, 0.0576, 31.871258060076684 
1528.6113166809082, 0.0576, 31.86210098329144 
1530.8552985191345, 0.0576, 31.852948144413915 
1533.0952804088593, 0.0576, 31.84379953973388 
1535.3382623195648, 0.0576, 31.831607980283138 
1537.5762441158295, 0.0576, 31.822469240989903 
1539.8202257156372, 0.0576, 31.816379093832552 
1542.062207698822, 0.0578, 31.79811989972049 
1544.294189453125, 0.0576, 31.785956465528074 
1546.535171508789, 0.0576, 31.77380051066936 
1548.7761585712433, 0.0576, 31.75861607165413 
1551.023140668869, 0.0576, 31.746476913503017 
1553.2681221961975, 0.0576, 31.731313442919088 
1556.149097919464, 0.0576, 31.716161597794468 
1558.0620830059052, 0.0576, 31.704048480690517 
1559.9830679893494, 0.0578, 31.691942784471166 
1562.2220499515533, 0.0578, 31.682868377087544 
1564.4700317382812, 0.0576, 31.67077564672539 
1566.7080137729645, 0.0568, 31.661710953877105 
1568.9539957046509, 0.0568, 31.65265041837648 
1571.1939775943756, 0.0566, 31.643594036615042 
1573.4359595775604, 0.0568, 31.634541804989595 
1575.6769411563873, 0.0566, 31.62549371990258 
1577.9139235019684, 0.0566, 31.61644977775734 
1580.160905122757, 0.0566, 31.6074099749641 
1582.3938872814178, 0.0566, 31.598374307940304 
1584.640869140625, 0.0566, 31.583324043771796 
1586.877851009369, 0.0568, 31.571292085690317 
1589.1238329410553, 0.0566, 31.556262440780387 
1591.3648147583008, 0.0566, 31.54124422792151 
1593.5987968444824, 0.0566, 31.529237877655106 
1595.8417785167694, 0.0566, 31.517238824965375 
1598.0817606449127, 0.0566, 31.505247061458732 
1600.3227424621582, 0.0566, 31.493262578758305 
1602.5677244663239, 0.0566, 31.481285368498618 
1604.805706501007, 0.0568, 31.469315422329686 
1607.0506885051727, 0.0566, 31.460342724747903 
1609.2886700630188, 0.0566, 31.45137410501684 
1611.5276522636414, 0.0566, 31.442409559628032 
1613.7726340293884, 0.0566, 31.430463164258185 
1616.015615940094, 0.0568, 31.421508112056472 
1618.2585980892181, 0.0566, 31.412557122540306 
1620.4945802688599, 0.0566, 31.40361019222067 
1622.734561920166, 0.0566, 31.397647825396888 
1624.9775440692902, 0.0566, 31.385728495242574 
1627.2215259075165, 0.0568, 31.373816362883332 
1629.4575080871582, 0.0566, 31.361911420095566 
1631.7044899463654, 0.0562, 31.35001365866836 
1633.938472032547, 0.056, 31.338123070403384 
1636.1754541397095, 0.0555, 31.323269909868856 
1638.099439382553, 0.0555, 31.314363380646284 
1640.0204243659973, 0.0555, 31.302494262829327 
1642.2694063186646, 0.0553, 31.290632285526158 
1644.5103883743286, 0.0555, 31.275814842863156 
1646.7443706989288, 0.0555, 31.26692971996144 
1648.9883525371552, 0.0555, 31.255089115484765 
1651.2263345718384, 0.0555, 31.243255619089723 
1653.4683165550232, 0.0555, 31.231429222704378 
1655.7102987766266, 0.0555, 31.22256407994564 
1657.9482808113098, 0.0555, 31.210750089186234 
1660.1952629089355, 0.0555, 31.198943176301242 
1662.434245109558, 0.0555, 31.19009263166609 
1664.673227071762, 0.0555, 31.17829808576286 
1666.915209054947, 0.0555, 31.166510595700714 
1669.158191204071, 0.0555, 31.15767460374522 
1671.4011731147766, 0.0555, 31.145899442195258 
1673.6401553153992, 0.0555, 31.134131314555475 
1675.8771374225616, 0.0555, 31.12530983004592 
1678.1251194477081, 0.0555, 31.116492294288946 
1680.3621017932892, 0.0555, 31.107678703939655 
1682.604083776474, 0.0555, 31.10180516728377 
1684.8460657596588, 0.0558, 31.09593338166809 
1687.0870478153229, 0.0555, 31.07832852118969 
1689.324030160904, 0.0555, 31.060739384558758 
1691.5700120925903, 0.0555, 31.054879828609444 
1693.8069941997528, 0.0555, 31.051950704381113 
1696.044976234436, 0.0555, 31.043165945208642 
1698.2859585285187, 0.0555, 31.034385103728937 
1700.5289406776428, 0.0555, 31.019759064939592 
1702.77592253685, 0.0553, 31.00514388416798 
1705.016904592514, 0.0551, 30.990539546165195 
1707.2508869171143, 0.0547, 30.97594603571156 
1709.4928691387177, 0.0543, 30.967195120344513 
1711.7408511638641, 0.0545, 30.961363337621265 
1713.9768335819244, 0.0545, 30.95553328244992 
1716.2158155441284, 0.0545, 30.94679143673565 
1718.4587976932526, 0.0545, 30.938053472570175 
1720.6987798213959, 0.0545, 30.92349881576763 
1722.9427621364594, 0.0545, 30.906047426768083 
1725.1887440681458, 0.0545, 30.89151641759105 
1727.424726486206, 0.0543, 30.882802960990887 
1729.6667087078094, 0.0545, 30.874093362114422 
1731.905690908432, 0.0543, 30.868289104446774 
1734.145673274994, 0.0543, 30.86248655892956 
1736.3896553516388, 0.0545, 30.8537859488452 
1738.627637386322, 0.0545, 30.845089185725556 
1740.867619752884, 0.0543, 30.8334994801711 
1743.1116018295288, 0.0545, 30.8219166003245 
1745.3515841960907, 0.0545, 30.807447587580413 
1747.5835664272308, 0.0545, 30.790098813745516 
1749.8325486183167, 0.0545, 30.778541462657586 
1752.0735309123993, 0.0545, 30.772765333718922 
1754.314513206482, 0.0545, 30.769877905487732 
1756.5614953041077, 0.0543, 30.76121816433107 
1758.8004777431488, 0.0545, 30.755447121997236 
1761.0404598712921, 0.0545, 30.729498376847744 
1763.2834420204163, 0.0545, 30.715097195253378 
1765.5254242420197, 0.0545, 30.70646154847816 
1767.7604067325592, 0.0545, 30.697829694480248 
1770.0083887577057, 0.0545, 30.694953252108718 
1772.2493710517883, 0.0545, 30.68920163010793 
1774.492353439331, 0.0543, 30.67770343380846 
1776.7253358364105, 0.0545, 30.663340143274354 
1778.9713180065155, 0.0545, 30.646118042555997 
1781.2083003520966, 0.0545, 30.634645023158924 
1783.4502828121185, 0.0545, 30.6260446534111 
1785.694265127182, 0.0533, 30.623178699983896 
1787.9362473487854, 0.0533, 30.617448047167954 
1790.175229549408, 0.0533, 30.603128724973715 
1792.4172117710114, 0.0533, 30.585959306148084 
1794.660194158554, 0.0533, 30.574521359555945 
1796.9001762866974, 0.0533, 30.568804883292216 
1799.1411588191986, 0.0533, 30.565947269017556 
1801.381140947342, 0.0533, 30.554520968291 
1803.6161234378815, 0.0535, 30.54024743564335 
1805.8611059188843, 0.0535, 30.525984271071422 
1808.0980880260468, 0.0535, 30.511731460327695 
1810.3470704555511, 0.0535, 30.506033231914643 
1812.5880527496338, 0.0535, 30.503184737800893 
1814.8300352096558, 0.0535, 30.494641734466256 
1817.0640172958374, 0.0535, 30.483256843467444 
1819.3109998703003, 0.0533, 30.46334915919303 
1821.546982049942, 0.0535, 30.451982398587404 
1823.7929644584656, 0.0533, 30.44914173673746 
1826.0319468975067, 0.0535, 30.443461646209954 
1828.2719292640686, 0.0533, 30.434944591660326 
1830.509911775589, 0.0535, 30.417921563903008 
1832.755893945694, 0.0535, 30.403746979584042 
1834.9968762397766, 0.0535, 30.392414680175392 
1837.2398586273193, 0.0533, 30.38675098402595 
1839.4798412322998, 0.0533, 30.38391974894921 
1841.7198235988617, 0.0533, 30.3754284943694 
1843.9618060588837, 0.0533, 30.36128456554951 
1846.197788476944, 0.0535, 30.34715082735343 
1848.4457709789276, 0.0535, 30.333027265888603 
1850.6787531375885, 0.0533, 30.321735734645813 
1852.6057388782501, 0.0533, 30.31609240589779 
1854.5287244319916, 0.0533, 30.31045070055154 
1856.762707233429, 0.0535, 30.301991184479448 
1859.0056896209717, 0.0535, 30.29635353377455 
1861.2436718940735, 0.0533, 30.287900095525742 
1863.4936542510986, 0.0531, 30.276634510480193 
1865.7276365756989, 0.0526, 30.265375394354635 
1867.9716193675995, 0.0526, 30.251310585409897 
1870.2136018276215, 0.0526, 30.2372558594667 
1872.4535839557648, 0.0524, 30.22601932928322 
1874.6915664672852, 0.0524, 30.217596156555658 
1876.9395492076874, 0.0522, 30.209176601909718 
1879.1775314807892, 0.0522, 30.203565574070012 
1881.420514345169, 0.0522, 30.19795615208895 
1883.662496805191, 0.0522, 30.18954502819841 
1885.8964791297913, 0.0522, 30.18113751259716 
1888.1374616622925, 0.0522, 30.16993309962882 
1890.3864443302155, 0.0522, 30.155936586257724 
1892.6274268627167, 0.0522, 30.14195006342382 
1894.8654091358185, 0.0522, 30.12797351763561 
1897.1103918552399, 0.0522, 30.11959237354168 
1899.3433742523193, 0.0522, 30.116799455428094 
1901.5843567848206, 0.0522, 30.11121481343156 
1903.8273391723633, 0.0524, 30.10005030335975 
1906.0683217048645, 0.0522, 30.08889215279339 
1908.3093042373657, 0.0524, 30.074953397199067 
1910.554286956787, 0.0524, 30.066594902770504 
1912.7932693958282, 0.0522, 30.055455789636596 
1915.0312521457672, 0.0522, 30.04710561063311 
1917.2792346477509, 0.0524, 30.035977574294037 
1919.514217376709, 0.0522, 30.02485585819349 
1921.7541999816895, 0.0522, 30.01374045554013 
1924.0021822452545, 0.0522, 30.00540804266825 
1926.242164850235, 0.0522, 29.99985507017516 
1928.4751477241516, 0.0524, 29.991528563453272 
1930.7261304855347, 0.0524, 29.98597952575102 
1932.9511132240295, 0.0524, 29.977658917258793 
1935.2030954360962, 0.0522, 29.969341843907984 
1937.4400780200958, 0.0524, 29.958257906969948 
1939.6840608119965, 0.0522, 29.947180242946814 
1941.9280433654785, 0.0522, 29.93334197397175 
1944.164026260376, 0.0522, 29.919513482832798 
1946.4110090732574, 0.0522, 29.908457721178138 
1948.6519916057587, 0.0522, 29.897408202290308 
1950.8889741897583, 0.0522, 29.889125155929378 
1953.1339569091797, 0.0522, 29.88360507241316 
1955.3709394931793, 0.0522, 29.875327866147444 
1957.6109220981598, 0.0524, 29.867054160200354 
1959.8529047966003, 0.0522, 29.85878395176914 
1962.0978875160217, 0.0522, 29.853272421164803 
1964.3338701725006, 0.0524, 29.842254016266764 
1966.5778532028198, 0.0514, 29.833994283608916 
1968.814836025238, 0.0512, 29.822986729451145 
1971.0588188171387, 0.0512, 29.814735127262736 
