# tiempo [s], press [mBar], Temp [C]
0.0, 0.0512, 29.691377127061457 
1.5729868412017822, 0.0514, 29.683180871010222 
3.1959798336029053, 0.0512, 29.674988050760305 
5.118962287902832, 0.0512, 29.666798663585638 
6.720947027206421, 0.0512, 29.658612706763478 
7.994935035705566, 0.0512, 29.653157306623854 
9.91991662979126, 0.0512, 29.64497706101372 
11.521901369094849, 0.0512, 29.64497706101372 
13.123886108398438, 0.0512, 29.66952807802545 
14.725871086120605, 0.0512, 29.735148632331374 
16.64885950088501, 0.0512, 29.8505172380558 
18.25085949897766, 0.0512, 30.01651871468951 
19.852859497070312, 0.0512, 30.234446123035013 
22.087859392166138, 0.0512, 30.585959306148084 
23.692859411239624, 0.0518, 30.88570701772852 
25.602859497070312, 0.0522, 31.21370292301171 
27.215859413146973, 0.0524, 31.56227292597552 
28.816859483718872, 0.0524, 31.926289725316025 
30.41585946083069, 0.0522, 32.3033698611211 
32.33385944366455, 0.0522, 32.69094346235107 
33.937859296798706, 0.0522, 33.07973853255214 
35.53985953330994, 0.0522, 33.47627834521168 
37.134859561920166, 0.0522, 33.870729596395535 
39.05785942077637, 0.0533, 34.269676155606305 
40.65985941886902, 0.0535, 34.666187449520436 
42.26185941696167, 0.0533, 35.06352053986305 
43.85785937309265, 0.0535, 35.45789445056971 
45.782859563827515, 0.0535, 35.85268336368904 
47.383859395980835, 0.0535, 36.24394107477141 
48.98785948753357, 0.0533, 36.63516211499788 
50.5848593711853, 0.0537, 37.022230498685474 
52.502859592437744, 0.0545, 37.40876428294828 
54.10585927963257, 0.0545, 37.79457324773023 
55.704859495162964, 0.0545, 38.1752804112983 
57.31185960769653, 0.0545, 38.55469663661543 
59.223859548568726, 0.0545, 38.928266084621754 
60.82685947418213, 0.0549, 39.295519546339705 
62.43285942077637, 0.0555, 39.660465669216535 
64.03085947036743, 0.0555, 40.02284813136413 
65.95085954666138, 0.0555, 40.38240113462891 
67.54885935783386, 0.0555, 40.73884947020994 
69.15185952186584, 0.0562, 41.09672107109026 
70.75585961341858, 0.0566, 41.446178996304866 
72.67285943031311, 0.0566, 41.796628895855804 
74.27985954284668, 0.0566, 42.14800937871675 
75.87985944747925, 0.0566, 42.49510778890743 
77.47485947608948, 0.0576, 42.84282922117694 
79.40085935592651, 0.0576, 43.1804576289766 
80.99885964393616, 0.0576, 43.523605316751286 
82.58985948562622, 0.0576, 43.86145633330071 
84.20285964012146, 0.0576, 44.1992317678713 
86.12085938453674, 0.0585, 44.53115844336408 
87.71785926818848, 0.0589, 44.86262010590208 
89.32085943222046, 0.0587, 45.18765239382218 
90.92185926437378, 0.0587, 45.51774368281596 
92.84585928916931, 0.0593, 45.840978527946774 
94.44685959815979, 0.0599, 46.16307494493242 
96.04685950279236, 0.0599, 46.47768121544789 
97.64385938644409, 0.0599, 46.80330233128761 
99.56585931777954, 0.0605, 47.11474302254973 
101.16385960578918, 0.061, 47.43077962032646 
102.77085947990417, 0.061, 47.74494784247311 
104.36785960197449, 0.061, 48.06377835718469 
106.28985929489136, 0.0614, 48.373821898026875 
107.89385938644409, 0.062, 48.68839066967213 
109.49585938453674, 0.062, 48.99363360429457 
111.09285950660706, 0.062, 49.30324790563887 
113.01685953140259, 0.0626, 49.60297681224934 
114.61985945701599, 0.063, 49.906906465331645 
116.21285939216614, 0.0632, 50.20775949372627 
117.81285953521729, 0.063, 50.50534022936003 
119.40485954284668, 0.0639, 50.8070424198784 
121.33485960960388, 0.0641, 51.10527458913185 
122.93385934829712, 0.0641, 51.40763388164106 
124.5348596572876, 0.0643, 51.70631438904341 
126.45585942268372, 0.0653, 52.00109960018014 
128.05785942077637, 0.0653, 52.29989829674213 
129.65885949134827, 0.0653, 52.59457307231237 
131.2588596343994, 0.0653, 52.884894989725865 
133.17985939979553, 0.0661, 53.179091757300384 
134.78785943984985, 0.0661, 53.46868711697674 
136.38185930252075, 0.0661, 53.76212658529883 
137.98485946655273, 0.0661, 54.05950780827966 
139.90785956382751, 0.0672, 54.35200801655728 
141.50785946846008, 0.0672, 54.639372815838485 
143.1028594970703, 0.0674, 54.9305003212902 
144.70885944366455, 0.0672, 55.21620718111636 
146.63285946846008, 0.0674, 55.50562252767911 
148.23085951805115, 0.0684, 55.78931957021068 
149.8258593082428, 0.0684, 56.07666239800258 
151.43285942077637, 0.0682, 56.36774061684841 
153.3508596420288, 0.0695, 56.652754206355 
154.9468595981598, 0.0695, 56.941432034517106 
156.54885935783386, 0.0697, 57.23386419233415 
158.1508595943451, 0.0695, 57.519862419257976 
160.0718595981598, 0.0705, 57.799124956255866 
161.67785930633545, 0.0705, 58.09242544721823 
163.27085947990417, 0.0705, 58.36822514065169 
164.87185955047607, 0.0705, 58.65823320288021 
166.47785925865173, 0.0705, 58.93010734418637 
168.39485955238342, 0.0716, 59.20527658262766 
169.9998595714569, 0.0716, 59.48381722677392 
171.59885954856873, 0.0716, 59.75446130996086 
173.19585943222046, 0.0716, 60.028357425900325 
175.12085938453674, 0.0716, 60.30558022679989 
176.71985960006714, 0.072, 60.57444514158307 
178.31685948371887, 0.0726, 60.84650641285772 
180.2408595085144, 0.0728, 61.121836621888704 
181.84285950660706, 0.0728, 61.388323952645436 
183.4448595046997, 0.0728, 61.670269272406244 
185.04585933685303, 0.0728, 61.94322841578567 
186.95885968208313, 0.0736, 62.219460755579505 
188.56585931777954, 0.0738, 62.48625933356736 
190.15985941886902, 0.0738, 62.75617596714112 
191.76185941696167, 0.0738, 63.02928023452499 
193.369859457016, 0.0738, 63.305644019779976 
195.28585934638977, 0.0738, 63.57194596151322 
196.887859582901, 0.0738, 63.841338043981224 
198.4928593635559, 0.0738, 64.11388872002455 
200.0888593196869, 0.0748, 64.38966869416817 
202.01085948944092, 0.0751, 64.65471731863286 
203.61185956001282, 0.0751, 64.92281098380184 
205.2138593196869, 0.0751, 65.20837792767539 
206.80785942077637, 0.0751, 65.46840268680256 
208.73685932159424, 0.0751, 65.73134608763972 
210.33185958862305, 0.0751, 65.99727063626091 
211.93385934829712, 0.0751, 66.26624082557694 
213.53085947036743, 0.0767, 66.52312472495863 
215.45885968208313, 0.0767, 66.78284245814164 
217.05685949325562, 0.0771, 67.04545365481894 
218.65785932540894, 0.0767, 67.31101980652939 
220.24885940551758, 0.0767, 67.57960434408976 
222.1768593788147, 0.0771, 67.83520566084434 
223.7778594493866, 0.0767, 68.10983814612416 
225.36685967445374, 0.0774, 68.37125320131591 
226.98285961151123, 0.0787, 68.63557777762952 
228.89985942840576, 0.0784, 68.90287363573518 
230.494859457016, 0.0787, 69.15621865476254 
232.1028594970703, 0.0787, 69.4294544608217 
233.70185947418213, 0.0787, 69.68848551044452 
235.626859664917, 0.0793, 69.95035517429832 
237.2278594970703, 0.0803, 70.19738021626449 
238.8308596611023, 0.0803, 70.46490766499325 
240.42185926437378, 0.08, 70.71732144884831 
242.3478593826294, 0.0803, 70.97241684104534 
243.9488594532013, 0.08, 71.2302481367873 
245.54985928535461, 0.0803, 71.49087126145069 
247.1468596458435, 0.0803, 71.75434383574633 
249.06785941123962, 0.08, 72.00160023981385 
250.66885948181152, 0.0803, 72.25141371477916 
252.27485966682434, 0.0803, 72.52336111097642 
253.87585949897766, 0.0803, 72.77864808690893 
255.7978594303131, 0.0803, 73.01670776321967 
257.398859500885, 0.0803, 73.27726830798207 
258.9968595504761, 0.0803, 73.54065311486058 
260.59285950660706, 0.08, 73.78633471351208 
262.51885962486267, 0.0806, 74.05531629850492 
264.1138594150543, 0.0816, 74.30626815646846 
265.72185945510864, 0.0819, 74.5598261866029 
267.31885957717896, 0.0819, 74.81604193722588 
269.23785948753357, 0.0819, 75.05328639778014 
270.83785939216614, 0.0819, 75.31474576137418 
272.4428596496582, 0.0816, 75.55689003045826 
274.04285955429077, 0.0819, 75.80144575077553 
275.9648594856262, 0.0819, 76.0484586359708 
277.55985951423645, 0.0816, 76.2979756835106 
279.16485953330994, 0.0822, 76.55004522264353 
280.76185941696167, 0.0819, 76.80471696460539 
282.6838595867157, 0.0819, 77.06204205519376 
284.28785943984985, 0.0819, 77.32207312984796 
285.8898594379425, 0.0819, 77.58486437137964 
287.48485946655273, 0.0819, 77.82620760084286 
289.41085958480835, 0.0822, 78.06992116092016 
291.0098593235016, 0.0819, 78.34079671214938 
292.60785961151123, 0.0819, 78.58963361361698 
294.2078595161438, 0.0832, 78.81573295700953 
296.13485956192017, 0.0835, 79.06938328412292 
297.72885942459106, 0.0822, 79.32563814187777 
299.33785939216614, 0.0819, 79.55853642470566 
300.93685936927795, 0.0829, 79.81988133191368 
302.85985946655273, 0.0835, 80.05744677102527 
304.45385932922363, 0.0835, 80.2972850216316 
306.0518596172333, 0.0835, 80.53943743519426 
307.6618592739105, 0.0835, 80.78394647697579 
309.58385944366455, 0.0835, 81.03085576592561 
311.1808593273163, 0.0835, 81.28021011634968 
312.78385949134827, 0.0839, 81.53205558146631 
314.38385939598083, 0.0839, 81.75804776202804 
316.302859544754, 0.0839, 82.0147288976621 
317.9008593559265, 0.0835, 82.2450975202575 
319.50485944747925, 0.0839, 82.50679238873444 
321.10385942459106, 0.0835, 82.74170000449686 
323.0258593559265, 0.0835, 82.97880240805088 
324.6218593120575, 0.0835, 83.24821463698206 
326.2298593521118, 0.0835, 83.4901116493281 
327.82885932922363, 0.0835, 83.73432869058523 
329.7468595504761, 0.0835, 83.95923695635364 
331.3508596420288, 0.0835, 84.1986369654883 
333.2648594379425, 0.0835, 84.43714859691245 
334.8728594779968, 0.0835, 84.67790574105939 
336.47585940361023, 0.0835, 84.91773562341585 
338.07085967063904, 0.0839, 85.15658804129322 
339.9928593635559, 0.0835, 85.39441184807136 
341.5938594341278, 0.0835, 85.63445845967058 
343.1928594112396, 0.0835, 85.8700982534744 
344.7938594818115, 0.0839, 86.10791531101549 
346.715859413147, 0.0845, 86.34455154550909 
348.3158595561981, 0.0848, 86.58337885381866 
349.91485953330994, 0.0852, 86.8175171313838 
351.51785945892334, 0.0852, 87.05379565936272 
353.43685936927795, 0.0852, 87.29225159209517 
355.0388596057892, 0.0852, 87.52581247905971 
356.641859292984, 0.0852, 87.76149619892982 
358.24185943603516, 0.0852, 87.99933938846658 
360.16285967826843, 0.0855, 88.23207302406793 
361.76385951042175, 0.0855, 88.46690768660626 
363.36185932159424, 0.0855, 88.70016008155743 
364.96385955810547, 0.0855, 88.93551846153738 
366.88685965538025, 0.0852, 89.1654459334008 
368.4858593940735, 0.0852, 89.40123519723187 
370.08785939216614, 0.0852, 89.63146073527642 
371.6878595352173, 0.0855, 89.86372910933667 
373.608859539032, 0.0852, 90.0941517488004 
375.20285964012146, 0.0852, 90.3226591953362 
376.8068594932556, 0.0852, 90.55317271061895 
378.40585947036743, 0.0855, 90.7816987079745 
380.33185958862305, 0.0852, 91.00816516100335 
381.92585945129395, 0.0852, 91.23659578474025 
383.53585958480835, 0.0855, 91.46289042908154 
385.1358594894409, 0.0855, 91.69114224817024 
387.0538594722748, 0.0855, 91.91717920118293 
388.6548595428467, 0.0865, 92.14940541139666 
390.2538592815399, 0.0868, 92.37513113717033 
391.8548595905304, 0.0865, 92.60279621018637 
393.77485966682434, 0.0855, 92.83243223074052 
395.3768594264984, 0.0852, 93.05968226269816 
396.98285961151123, 0.0852, 93.28446545640571 
398.5788595676422, 0.0861, 93.51116394773018 
400.5038595199585, 0.0868, 93.73530654426031 
402.0958595275879, 0.0868, 93.96134965365017 
403.7008595466614, 0.0871, 94.18474521883168 
405.2998595237732, 0.0868, 94.41002480746093 
407.22585940361023, 0.0871, 94.63256259816049 
408.8218593597412, 0.0871, 94.85227187263698 
410.4198594093323, 0.0868, 95.07853109315626 
412.02885937690735, 0.0871, 95.2971689393406 
413.626859664917, 0.0871, 95.51760215477411 
415.55085945129395, 0.0871, 95.73985867704238 
417.1508595943451, 0.0868, 95.95907526838772 
418.7408595085144, 0.0871, 96.18009147067878 
420.3488595485687, 0.0868, 96.40293527641663 
422.27385926246643, 0.0871, 96.6226216116163 
423.8718595504761, 0.0868, 96.83905593881806 
425.4708595275879, 0.0871, 97.06233244050011 
427.0688593387604, 0.0868, 97.2771928626984 
428.9898593425751, 0.0871, 97.50412828269491 
430.5918595790863, 0.0871, 97.72253529523428 
432.1928594112396, 0.0871, 97.93745147887711 
433.79185938835144, 0.0868, 98.15408194295082 
435.71285939216614, 0.0871, 98.37245258260455 
437.3128595352173, 0.0871, 98.5925898704075 
438.91485953330994, 0.0871, 98.8090863654689 
440.83585953712463, 0.0868, 99.02183877095382 
442.4408595561981, 0.0868, 99.24178318169338 
444.0388596057892, 0.0871, 99.45794778775618 
445.6458594799042, 0.0871, 99.67022650003307 
447.5678594112396, 0.0871, 99.88981731455826 
449.16285967826843, 0.0868, 100.10548427031989 
450.7688593864441, 0.0871, 100.3171184988401 
452.36685967445374, 0.0871, 100.53618478186885 
453.9688594341278, 0.0868, 100.75117806133088 
455.8858594894409, 0.0868, 100.97374580185327 
457.4888594150543, 0.0868, 101.18627276135595 
459.0888593196869, 0.0868, 101.39448008658775 
460.6908595561981, 0.0871, 101.59825530587342 
462.61085963249207, 0.0878, 101.8096074541229 
464.2118594646454, 0.0884, 102.02258914828013 
465.8088593482971, 0.0884, 102.23106856683071 
467.41485953330994, 0.0884, 102.44733290607856 
469.3308596611023, 0.0884, 102.6527974563574 
470.9288594722748, 0.0884, 102.86609285272675 
472.53785943984985, 0.0884, 103.07469452561389 
474.1358594894409, 0.0884, 103.29126861030372 
476.0478594303131, 0.0884, 103.49665578023769 
477.6568593978882, 0.0884, 103.71006101916606 
479.2538592815399, 0.0881, 103.9185727189771 
480.84485936164856, 0.0884, 104.12206656148804 
482.77685952186584, 0.0884, 104.32705532232147 
484.3738594055176, 0.0884, 104.52687445765145 
485.9728593826294, 0.0881, 104.73486585918974 
487.5748596191406, 0.0881, 104.93763086107117 
489.50485944747925, 0.0884, 105.14187475679805 
491.1048593521118, 0.0884, 105.34761793624818 
492.6988594532013, 0.0884, 105.5548812037855 
494.29685950279236, 0.0884, 105.76368578942487 
496.2188596725464, 0.0884, 105.96701569423598 
497.82685947418213, 0.0884, 106.1718260903447 
499.4228596687317, 0.0884, 106.3781373509748 
501.02685952186584, 0.0884, 106.57877804972662 
502.9448595046997, 0.0884, 106.78085634996481 
504.545859336853, 0.0881, 106.98439171493663 
506.1468596458435, 0.0881, 107.18205647038668 
507.7468595504761, 0.0881, 107.38851209498598 
509.6658594608307, 0.0884, 107.5815788496655 
511.2688593864441, 0.0884, 107.78347384463541 
512.8758594989777, 0.0884, 107.98681690444936 
514.4718594551086, 0.0884, 108.18401566170763 
516.3918595314026, 0.0884, 108.38259326193725 
517.9968595504761, 0.0884, 108.5748505251928 
519.5958595275879, 0.0894, 108.77618599899 
521.1948595046997, 0.0881, 108.97112971759765 
523.1178593635559, 0.0884, 109.16741620836879 
524.7178592681885, 0.0884, 109.37299734857051 
526.3198595046997, 0.0884, 109.56408769963396 
527.9168593883514, 0.0884, 109.76450864193521 
529.8368594646454, 0.0884, 109.95824343561034 
531.436859369278, 0.0881, 110.16145487161475 
533.045859336853, 0.0881, 110.35790362650137 
534.6478595733643, 0.0884, 110.55570784726336 
536.563859462738, 0.0884, 110.75488518968947 
538.1658594608307, 0.0881, 110.94706861738918 
539.7708594799042, 0.0884, 111.14898743610556 
541.3618593215942, 0.0884, 111.3438321223631 
543.2878594398499, 0.0884, 111.54000446543583 
544.8858594894409, 0.0881, 111.72890564327855 
546.4848594665527, 0.0884, 111.9190523775934 
548.085859298706, 0.0884, 112.11046016459741 
550.0088593959808, 0.0884, 112.30314478442051 
551.6118595600128, 0.0884, 112.48827686905504 
553.2148594856262, 0.0881, 112.68350379341263 
554.8088593482971, 0.0884, 112.87109272558041 
556.7378594875336, 0.0884, 113.05990385974437 
558.3308596611023, 0.0881, 113.24995221664189 
559.9348595142365, 0.0884, 113.44125308882079 
561.5388596057892, 0.0884, 113.62462310909243 
563.4598596096039, 0.0881, 113.81841450554099 
565.0548596382141, 0.0884, 114.00418547811475 
566.6578593254089, 0.0884, 114.19114915356306 
568.262859582901, 0.09, 114.37931997205138 
570.1788594722748, 0.09, 114.56871263111658 
571.7788596153259, 0.09, 114.749781010654 
573.3828594684601, 0.09, 114.94159953592492 
574.9848594665527, 0.09, 115.12500022625579 
576.9058594703674, 0.09, 115.30955768183946 
578.5008594989777, 0.09, 115.49528565708191 
580.1058592796326, 0.0903, 115.69206872742049 
581.7108595371246, 0.09, 115.88024346530946 
583.6288595199585, 0.09, 116.05963388913966 
585.2248594760895, 0.09, 116.24012645032903 
586.8298592567444, 0.0903, 116.42173390994 
588.4288594722748, 0.09, 116.60446924645792 
590.3458592891693, 0.09, 116.7883456606908 
591.949859380722, 0.09, 116.97337658081005 
593.5568594932556, 0.0897, 117.14920039222785 
595.1568593978882, 0.09, 117.33651550510746 
597.0748596191406, 0.09, 117.51452162133461 
598.6738593578339, 0.0903, 117.69360612170092 
600.2718594074249, 0.0897, 117.87378131389065 
601.8718595504761, 0.09, 118.05505971225055 
603.7928595542908, 0.0897, 118.22669384252254 
605.4018592834473, 0.09, 118.41015027949533 
606.9918594360352, 0.09, 118.58385745362861 
608.5968594551086, 0.09, 118.75858670975474 
610.5158596038818, 0.0903, 118.94536911417015 
612.1188595294952, 0.0903, 119.12224238980038 
613.722859621048, 0.09, 119.30017301980887 
615.3178594112396, 0.0903, 119.47917290789867 
617.2468595504761, 0.09, 119.65925415489559 
618.842859506607, 0.09, 119.82907335483172 
620.4468595981598, 0.09, 120.01128492632213 
622.0498592853546, 0.09, 120.19461458453024 
623.9618594646454, 0.09, 120.36751307553119 
625.5698592662811, 0.09, 120.54141643456595 
627.1728594303131, 0.09, 120.71633565587837 
628.7728593349457, 0.09, 120.89228191060268 
630.6898593902588, 0.09, 121.06926655052632 
632.2878594398499, 0.0897, 121.24730111195393 
633.8958594799042, 0.09, 121.41442430560312 
635.4968595504761, 0.09, 121.59452213136574 
637.409859418869, 0.09, 121.76359197818135 
639.0168595314026, 0.09, 121.93361685620194 
640.6098594665527, 0.09, 122.10460691695381 
642.2128593921661, 0.09, 122.28889332765084 
643.8198595046997, 0.09, 122.46191567741893 
645.7358593940735, 0.0897, 122.62347211022174 
647.3378593921661, 0.09, 122.79842763964896 
648.9408595561981, 0.09, 122.961797980622 
650.8578593730927, 0.09, 123.13872752555582 
652.4588596820831, 0.09, 123.30395027928546 
654.0628595352173, 0.09, 123.47007902255535 
655.66685962677, 0.09, 123.63712309973236 
657.262859582901, 0.09, 123.80509199683772 
659.1838595867157, 0.09, 123.9739953443837 
660.784859418869, 0.09, 124.14384292028444 
662.3838593959808, 0.09, 124.32782305700042 
664.3058593273163, 0.09, 124.48641062377848 
665.9088594913483, 0.09, 124.64582851222157 
667.5068595409393, 0.09, 124.81947770221376 
669.1068596839905, 0.091, 124.98065181618719 
671.0308594703674, 0.09, 125.14268183563777 
672.6298594474792, 0.09, 125.31919013625993 
674.2268595695496, 0.09, 125.48303088335288 
675.8278594017029, 0.09, 125.64775428931749 
677.4348595142365, 0.09, 125.81336929382783 
679.3508596420288, 0.09, 125.97988496959964 
680.954859495163, 0.09, 126.14731052500588 
682.5498592853546, 0.09, 126.31565530675833 
684.1518595218658, 0.09, 126.47078697220435 
686.0788595676422, 0.09, 126.64092024701249 
687.6788594722748, 0.0903, 126.79770768800483 
689.2808594703674, 0.0913, 126.955298758298 
690.8768594264984, 0.0916, 127.12814192347739 
692.8018593788147, 0.0916, 127.2874384499433 
694.4058594703674, 0.0916, 127.46216098497138 
696.0068595409393, 0.092, 127.62319782068097 
697.6008594036102, 0.0916, 127.7850796041364 
699.5198595523834, 0.0907, 127.94781466567785 
701.1248593330383, 0.09, 128.1114114562892 
702.722859621048, 0.09, 128.27587854990497 
704.3268594741821, 0.0897, 128.42615662891833 
706.2438595294952, 0.09, 128.59230947411973 
707.8468594551086, 0.09, 128.74413476922624 
709.4518594741821, 0.0897, 128.8967073467502 
711.050859451294, 0.09, 129.06540854043686 
712.9718594551086, 0.09, 129.21957300780173 
714.5718595981598, 0.09, 129.37450647889455 
716.1738593578339, 0.0913, 129.5302161576741 
717.7718594074249, 0.0916, 129.68670934719677 
719.6838595867157, 0.0916, 129.84399345141796 
721.2958595752716, 0.0916, 130.00207597703272 
722.898859500885, 0.0916, 130.16096453535908 
724.4938592910767, 0.0916, 130.30465977240524 
726.4168593883514, 0.0916, 130.46510114525756 
728.0128593444824, 0.092, 130.62637123327193 
729.619859457016, 0.0916, 130.77222950513573 
731.2198596000671, 0.0916, 130.91877148476618 
733.1388595104218, 0.0916, 131.06600318759243 
734.7428596019745, 0.0916, 131.2304103167077 
736.342859506607, 0.0916, 131.37911820747365 
737.9418594837189, 0.092, 131.5285350389113 
739.8628594875336, 0.092, 131.67866715442625 
741.4628596305847, 0.092, 131.82952098074043 
743.0628595352173, 0.092, 131.96422441350825 
744.6638596057892, 0.092, 132.11645930690784 
746.5848593711853, 0.0916, 132.2694349585606 
748.1858594417572, 0.0916, 132.42315813321792 
749.7838594913483, 0.0916, 132.5604340452727 
751.387859582901, 0.0916, 132.71558798673374 
753.3068594932556, 0.0916, 132.87150950891527 
754.9048595428467, 0.092, 133.0107565653043 
756.5088593959808, 0.092, 133.16814748471694 
758.1038594245911, 0.0916, 133.30871219062902 
760.0278594493866, 0.0916, 133.46759859529013 
761.6318595409393, 0.0916, 133.6095044408165 
763.2338593006134, 0.092, 133.7520497139857 
764.8298592567444, 0.0916, 133.8952398190587 
766.7558596134186, 0.0916, 134.05710627792746 
768.3558595180511, 0.0916, 134.18357647814878 
769.9508595466614, 0.0916, 134.3287341801905 
771.5578594207764, 0.0916, 134.47455901244706 
773.4798595905304, 0.0916, 134.6210567254692 
775.0818593502045, 0.092, 134.76823314254003 
776.681859254837, 0.0916, 134.91609416089028 
778.2818593978882, 0.092, 135.0646457529372 
780.197859287262, 0.0916, 135.1951996355265 
781.7978594303131, 0.0916, 135.3450624179347 
783.4008593559265, 0.0916, 135.4767730634341 
785.0038595199585, 0.0916, 135.62796881902767 
786.920859336853, 0.0916, 135.76085551866825 
788.5208594799042, 0.0916, 135.91340656319397 
790.1218593120575, 0.0916, 136.04748908199582 
791.7258594036102, 0.0916, 136.20141828139748 
793.6428594589233, 0.092, 136.33671687358634 
795.2388596534729, 0.0916, 136.47259003968645 
796.8498594760895, 0.0916, 136.60904235299225 
798.4478595256805, 0.0916, 136.74607844018752 
800.3628594875336, 0.0916, 136.88370298216304 
801.9648594856262, 0.0916, 137.02192071485814 
803.5658593177795, 0.092, 137.1607364301138 
805.1718595027924, 0.092, 137.3001549765421 
807.0918595790863, 0.0916, 137.44018126041695 
808.6948595046997, 0.0916, 137.5808202465752 
810.2958595752716, 0.0916, 137.70185941689448 
811.8928594589233, 0.0913, 137.84364965434364 
813.813859462738, 0.0913, 137.9860671103367 
815.4118595123291, 0.0913, 138.1086423698662 
817.0178594589233, 0.0907, 138.25223850287517 
818.6108596324921, 0.0903, 138.37583187217453 
820.5338594913483, 0.0897, 138.5206250237311 
822.1318595409393, 0.0903, 138.64525240274477 
823.7398595809937, 0.09, 138.7703624804316 
825.3368594646454, 0.09, 138.9169389884873 
827.2598595619202, 0.09, 139.0431069746541 
828.858859539032, 0.0897, 139.16976887559633 
830.4568593502045, 0.0903, 139.296928312388 
832.0608594417572, 0.0897, 139.42458894501968 
833.9818594455719, 0.09, 139.55275447294866 
835.5758595466614, 0.09, 139.70292404487475 
837.1838595867157, 0.0903, 139.83219639532862 
838.7818593978882, 0.09, 139.9619856228449 
840.7018594741821, 0.09, 140.092295597486 
842.2988595962524, 0.09, 140.22313023179163 
843.9038596153259, 0.09, 140.35449348139292 
845.5028595924377, 0.09, 140.4643695434174 
847.4308595657349, 0.09, 140.5967123402443 
849.0268595218658, 0.09, 140.7295951995289 
850.6248593330383, 0.0897, 140.84074643914948 
852.2268595695496, 0.09, 140.9746301642738 
854.148859500885, 0.09, 141.10906576477558 
855.7488594055176, 0.09, 141.22152007488393 
857.3488595485687, 0.0897, 141.3569785444549 
858.9518594741821, 0.09, 141.4930010835961 
860.869859457016, 0.09, 141.60678725738552 
862.4708595275879, 0.09, 141.74385538263473 
864.0738594532013, 0.09, 141.88150016926588 
865.6788594722748, 0.0916, 141.99664793881982 
867.2818593978882, 0.0916, 142.1353617731583 
869.2008595466614, 0.09, 142.2514068774733 
870.7968595027924, 0.09, 142.36786418573814 
872.4038596153259, 0.09, 142.50816092403582 
874.0038595199585, 0.09, 142.6255347618034 
875.9188594818115, 0.09, 142.7433296644739 
877.5248594284058, 0.09, 142.86154845817464 
879.1228594779968, 0.09, 142.98019399682414 
881.045859336853, 0.09, 143.123136006492 
882.6408593654633, 0.09, 143.24273056908825 
884.2498593330383, 0.09, 143.36276120015648 
885.8488595485687, 0.09, 143.50737775820332 
887.7688593864441, 0.09, 143.60414259599875 
889.3708596229553, 0.09, 143.74982443937267 
890.9688594341278, 0.09, 143.87171938989403 
892.570859670639, 0.09, 143.99406620625763 
894.1678595542908, 0.09, 144.11686802204628 
896.0948596000671, 0.09, 144.24012800268002 
897.6968593597412, 0.0897, 144.36384934584143 
899.2898592948914, 0.0897, 144.48803528191152 
900.8918595314026, 0.09, 144.5877207296219 
902.8118596076965, 0.09, 144.7127511795506 
904.4108595848083, 0.0903, 144.83825544518461 
906.0118594169617, 0.09, 144.96423688523882 
907.6158595085144, 0.09, 145.06536788217744 
909.5268595218658, 0.09, 145.1922168117962 
911.1348595619202, 0.09, 145.29404625977804 
912.7398595809937, 0.09, 145.4217738818628 
914.3368594646454, 0.09, 145.5499945852005 
916.2578594684601, 0.09, 145.6529285576564 
917.8648593425751, 0.09, 145.75618222022692 
919.4608595371246, 0.09, 145.88570169139211 
921.061859369278, 0.09, 145.9896814661161 
922.9798595905304, 0.09, 146.12011453511298 
924.5848593711853, 0.09, 146.22482999832124 
926.1868596076965, 0.09, 146.32987555643004 
927.7828595638275, 0.09, 146.4616496643905 
929.704859495163, 0.09, 146.567445072263 
931.3078594207764, 0.09, 146.67357695725252 
932.9128594398499, 0.0897, 146.78004731937855 
934.505859375, 0.0897, 146.91361433060325 
936.4248595237732, 0.09, 147.02085366933557 
938.0338594913483, 0.09, 147.12843810651339 
939.6258592605591, 0.09, 147.23636971752333 
941.2298593521118, 0.09, 147.34465059602553 
943.1478595733643, 0.09, 147.4532828541665 
944.7488594055176, 0.09, 147.56226862279328 
946.3568594455719, 0.09, 147.67161005167196 
947.9568593502045, 0.09, 147.7813093097101 
949.8738594055176, 0.09, 147.89136858517938 
951.476859331131, 0.0907, 148.00179008594517 
953.0818593502045, 0.0913, 148.11257603969617 
954.6768593788147, 0.091, 148.22372869418112 
956.5958595275879, 0.09, 148.335250317444 
958.2028596401215, 0.09, 148.4191350465987 
959.8058593273163, 0.09, 148.53130788461988 
961.3978593349457, 0.09, 148.64385603518264 
963.3208594322205, 0.09, 148.7567818446248 
964.9238595962524, 0.09, 148.87008768076106 
966.5198595523834, 0.09, 148.95531788702039 
968.1288595199585, 0.09, 149.06929453294984 
970.0478594303131, 0.09, 149.1836578299302 
971.6478595733643, 0.09, 149.26968551580856 
973.5688593387604, 0.09, 149.41355420254737 
975.4908595085144, 0.09, 149.52909224806882 
977.085859298706, 0.09, 149.61600590662118 
979.0118594169617, 0.09, 149.73223965482944 
980.6108596324921, 0.09, 149.8196780192558 
982.2108595371246, 0.09, 149.90734306765162 
983.8118596076965, 0.09, 150.0245843156903 
985.7298593521118, 0.09, 150.11278257327606 
987.3298592567444, 0.0903, 150.23073879932286 
988.9348595142365, 0.0903, 150.34910724100206 
990.5328593254089, 0.09, 150.4381557067023 
992.4618594646454, 0.09, 150.52743870175124 
994.0578594207764, 0.09, 150.6468495126574 
995.6538593769073, 0.0903, 150.7366842411868 
997.2578594684601, 0.09, 150.82675737487114 
999.1778593063354, 0.0903, 150.94722778133954 
1000.7768595218658, 0.09, 151.0076235901716 
1002.3788595199585, 0.09, 151.12873819625455 
1003.9808595180511, 0.09, 151.2198581762927 
1005.9008593559265, 0.09, 151.3112229599876 
1007.5098593235016, 0.09, 151.40283377491826 
1009.1048593521118, 0.09, 151.49469185767146 
1010.7088594436646, 0.09, 151.6175560945228 
1012.6238594055176, 0.09, 151.70999599571462 
1014.2308595180511, 0.0897, 151.80268735284926 
1015.8288593292236, 0.09, 151.89563144255595 
1017.427859544754, 0.09, 151.98882955094666 
1019.3478593826294, 0.09, 152.11349107649292 
1020.9528594017029, 0.0897, 152.17599301619785 
1022.545859336853, 0.09, 152.30134120022268 
1024.1568593978882, 0.09, 152.3956551534841 
1026.079859495163, 0.09, 152.5218133892127 
1028.3158595561981, 0.09, 152.64843890087946 
1030.5628595352173, 0.09, 152.7437166277698 
1032.797859430313, 0.09, 152.87116767013782 
1035.0448594093323, 0.09, 152.9990949567792 
1037.2768595218658, 0.09, 153.12750181125273 
1039.5258593559265, 0.09, 153.25639159107862 
1041.7648594379425, 0.09, 153.38576768819235 
1044.0008594989777, 0.09, 153.51563352941076 
1046.2458593845367, 0.09, 153.61335638626318 
1048.483859539032, 0.09, 153.74408763205417 
1050.7248594760895, 0.09, 153.8753182294438 
1052.970859527588, 0.09, 153.97407101828404 
1055.2058594226837, 0.09, 154.10618407415075 
1057.4468595981598, 0.09, 154.23880636665965 
1059.6968593597412, 0.09, 154.3386094761293 
1061.9338593482971, 0.09, 154.4721317759357 
1064.1798593997955, 0.09, 154.57261415786252 
1066.4188594818115, 0.09, 154.67339029663424 
1068.657859325409, 0.09, 154.80821820792977 
1070.5788595676422, 0.09, 154.9096860324626 
1072.494859457016, 0.09, 154.97749734066522 
1074.1028594970703, 0.09, 155.07946465792776 
1076.0228595733643, 0.09, 155.18173387253216 
1077.9378592967987, 0.09, 155.2843066520227 
1079.8688595294952, 0.09, 155.38718467741927 
1081.7888593673706, 0.0897, 155.45594044503605 
1083.7038595676422, 0.0897, 155.5593309862611 
1085.3018593788147, 0.0887, 155.6284300158065 
1087.2308595180511, 0.089, 155.73233784419435 
1089.1458594799042, 0.089, 155.83655836215 
1090.7498593330383, 0.089, 155.90621329012959 
1092.6688594818115, 0.0884, 155.97600849476822 
1094.2678594589233, 0.0884, 156.08096547302657 
1096.1868596076965, 0.0884, 156.18624104835942 
1098.1118595600128, 0.0881, 156.2566026538818 
1099.7078595161438, 0.0884, 156.36241324063468 
1101.6298594474792, 0.0884, 156.43313320776022 
1103.2348594665527, 0.0884, 156.50399747183852 
1105.157859325409, 0.0884, 156.61056562587416 
1107.0718595981598, 0.0884, 156.71746154813658 
1108.9978594779968, 0.0884, 156.82468711901168 
1111.2358593940735, 0.0884, 156.93224423466617 
1113.1638596057892, 0.0881, 157.00413411357596 
1115.0788595676422, 0.0881, 157.07617276575212 
1116.6868596076965, 0.0884, 157.14836076493566 
1118.5988595485687, 0.0881, 157.25692405237265 
1120.521859407425, 0.0884, 157.3294879504737 
1122.1228594779968, 0.0884, 157.40220322930082 
1124.045859336853, 0.0884, 157.47507047733853 
1125.6498594284058, 0.0884, 157.54809028641463 
1127.5648593902588, 0.0884, 157.6579073548953 
1129.4908595085144, 0.0881, 157.7680710488328 
1131.0878593921661, 0.0884, 157.84170708809424 
1133.014859676361, 0.0884, 157.9524530342604 
1135.2558596134186, 0.0881, 158.0635510863887 
1137.4958593845367, 0.0884, 158.13781309917326 
1139.7338593006134, 0.0884, 158.24950264308936 
1141.976859331131, 0.0884, 158.32416093742302 
1143.5778594017029, 0.0884, 158.39897884742876 
1145.492859363556, 0.0884, 158.5115063836696 
1147.4188594818115, 0.0884, 158.586726122632 
1149.0198595523834, 0.0884, 158.66210771885986 
1150.9398593902588, 0.0884, 158.7376518212443 
1152.536859512329, 0.0884, 158.8133590824781 
1154.4578592777252, 0.0884, 158.88923015908549 
1156.3788595199585, 0.0884, 158.96526571145176 
1157.9848594665527, 0.0884, 159.041466403853 
1159.9008593559265, 0.0884, 159.15607854278184 
1162.1478595733643, 0.0881, 159.2326950172855 
1164.3898594379425, 0.0884, 159.34793399720962 
1166.625859260559, 0.0884, 159.46355214999045 
1168.8708596229553, 0.0884, 159.540842718065 
1171.1098594665527, 0.0884, 159.65709800561453 
1173.3548595905304, 0.0884, 159.7348155079183 
1175.5968594551086, 0.0884, 159.8127050138001 
1177.8388595581055, 0.0884, 159.92986333172635 
1180.0768594741821, 0.0884, 160.00818595836398 
1182.3218593597412, 0.0884, 160.12599732005273 
1184.561859369278, 0.0884, 160.20475756677823 
1186.802859544754, 0.0884, 160.3232287723698 
1189.0388596057892, 0.0884, 160.4024312070217 
1191.2828595638275, 0.0884, 160.48181181144548 
1193.5208594799042, 0.0884, 160.6012184207411 
1195.7668595314026, 0.0884, 160.68104772578283 
1198.0038595199585, 0.0884, 160.76105783362024 
1200.2478594779968, 0.0881, 160.84124950697105 
1202.4858593940735, 0.0871, 160.96187913236258 
1204.7298593521118, 0.0868, 161.04252808734083 
1206.976859331131, 0.0868, 161.12336131462723 
1209.2088594436646, 0.0871, 161.2043795984024 
1211.454859495163, 0.0871, 161.2855837277251 
1213.6988594532013, 0.0868, 161.40774012028498 
1215.9378592967987, 0.0871, 161.48941234797246 
1218.1798593997955, 0.0871, 161.5712732218975 
1220.4178593158722, 0.0871, 161.6533235535652 
1222.659859418869, 0.0871, 162.40043859444756 
1224.9018592834473, 0.0868, 161.81799586169757 
1227.1448595523834, 0.0871, 161.94200353041117 
1229.3848593235016, 0.0868, 162.02491660207613 
1231.6278595924377, 0.0871, 162.10802368709503 
1233.8668596744537, 0.0871, 162.19132563089883 
1236.1098594665527, 0.0871, 162.27482328430463 
1238.3448593616486, 0.0871, 162.35851750355667 
1240.5938594341278, 0.0868, 162.44240915037503 
1242.831859588623, 0.0871, 162.526499092 
1245.0698592662811, 0.0871, 162.6107882012389 
1247.3108596801758, 0.0868, 162.69527735651425 
1249.550859451294, 0.0871, 162.77996744191003 
1251.7968595027924, 0.0871, 162.86485934721958 
1254.0348596572876, 0.0868, 162.94995396799476 
1255.9628596305847, 0.0871, 162.99257757812902 
1257.8788595199585, 0.0871, 163.07797796398086 
1260.1218593120575, 0.0871, 163.1635833296952 
1262.3598594665527, 0.0868, 163.24939459136846 
1264.6058592796326, 0.0871, 163.33541267107958 
1266.8448593616486, 0.0871, 163.42163849694322 
1269.0838594436646, 0.0868, 163.5080730031597 
1271.3268594741821, 0.0868, 163.59471713006914 
1273.5718595981598, 0.0871, 163.6815718242038 
1275.8108596801758, 0.0868, 163.72507843147866 
1278.052859544754, 0.0871, 163.81225076487712 
1280.2908594608307, 0.0871, 163.8996360592762 
1282.5338594913483, 0.0871, 163.98723528330785 
1284.7698593139648, 0.0871, 164.0311154233924 
1287.010859489441, 0.0871, 164.11903737215624 
1289.2478594779968, 0.0868, 164.20717570042297 
1291.4958593845367, 0.0868, 164.29553139960646 
1293.7428596019745, 0.0871, 164.33979107492218 
1295.976859331131, 0.0871, 164.4284747039187 
1298.2188596725464, 0.0868, 164.5173782115362 
1300.4578592777252, 0.0871, 164.56191273671936 
1302.706859588623, 0.0868, 164.65114796735253 
1304.9408595561981, 0.0871, 164.48179035825368 
1307.1868596076965, 0.0871, 164.51292779839818 
1309.425859451294, 0.0871, 164.58866001202432 
1311.6658594608307, 0.0871, 164.66008370702065 
1313.9128594398499, 0.0868, 164.73164982213234 
1316.1548595428467, 0.0871, 164.80784546074185 
1318.396859407425, 0.0868, 164.88420311231704 
1320.6338593959808, 0.0871, 164.95621770942222 
1322.8798594474792, 0.0871, 165.0328916901415 
1325.1158595085144, 0.0871, 165.10520515514668 
1327.3488595485687, 0.0871, 165.1821979079299 
1329.5968594551086, 0.0871, 165.25026984066216 
1331.840859413147, 0.0874, 165.32757406484632 
1334.0758595466614, 0.0871, 165.39592185853928 
1336.3228595256805, 0.0871, 165.46896950030424 
1338.5608594417572, 0.0868, 165.54216564107963 
1340.802859544754, 0.0871, 165.61092238977977 
1343.0418593883514, 0.0871, 165.6844078485512 
1345.2898592948914, 0.0868, 165.7534368291714 
1347.5278594493866, 0.0858, 165.8179833630408 
1349.7678594589233, 0.0855, 165.87802307310662 
1352.0068595409393, 0.0852, 165.9427932012849 
1354.2488594055176, 0.0852, 166.01231906230853 
1356.4888594150543, 0.0852, 166.08197914581285 
1358.7308595180511, 0.0852, 166.14711674745786 
1360.9788596630096, 0.0855, 166.21703769683097 
1363.2198596000671, 0.0852, 166.28709428984385 
1365.4538593292236, 0.0852, 166.35728701599982 
1367.6988594532013, 0.0855, 166.42292348348917 
1369.9448595046997, 0.0852, 166.49338079800768 
1372.1808593273163, 0.0852, 166.5639756964941 
1374.4218592643738, 0.0852, 166.62998884055924 
1376.66685962677, 0.0855, 166.70085115413733 
1378.9008593559265, 0.0855, 166.76237762304282 
1381.1518595218658, 0.0852, 166.82875408435402 
1383.3838593959808, 0.0855, 166.89049853994163 
1385.63285946846, 0.0852, 166.95234846427678 
1387.871859550476, 0.0852, 167.01907440966787 
1390.1128594875336, 0.0852, 167.08114445675037 
1392.3508596420288, 0.0852, 167.14332100839798 
1394.5908596515656, 0.0855, 167.20560440444598 
1396.8328595161438, 0.0852, 167.2727987113153 
1399.0748596191406, 0.0852, 167.3353051077137 
1401.3198595046997, 0.0852, 167.39791940413167 
1403.552859544754, 0.0852, 167.46547125144926 
1405.7988595962524, 0.0852, 167.52831075645466 
1408.0408594608307, 0.0852, 167.59125923237437 
1410.2828595638275, 0.0852, 167.65917216870346 
1412.5308594703674, 0.0855, 167.7174845041233 
1414.771859407425, 0.0855, 167.77589059291668 
1417.0128593444824, 0.0855, 167.83439071532914 
1419.2518594264984, 0.0855, 167.8978722887517 
1421.4868595600128, 0.0852, 167.95167418811445 
1423.7338593006134, 0.0855, 168.01045810512062 
1425.9778592586517, 0.0852, 168.0644269568736 
1428.2148594856262, 0.0855, 168.12339352869657 
1430.4608595371246, 0.0855, 168.1824558175179 
1432.6998596191406, 0.0852, 168.2465483127587 
1434.9428596496582, 0.0855, 168.30581094119833 
1437.1838595867157, 0.0855, 168.370121154812 
1439.4218592643738, 0.0855, 168.42958538810913 
1441.6498594284058, 0.0852, 168.48914684457623 
1443.9078595638275, 0.0852, 168.5488058197177 
1445.8228595256805, 0.0855, 168.59361422620776 
1447.7418594360352, 0.0855, 168.64845495988217 
1449.9858593940735, 0.0855, 168.70337830386993 
1452.2238595485687, 0.0855, 168.76338916766946 
1454.4718594551086, 0.0855, 168.8285125408503 
1456.7098593711853, 0.0855, 168.88872976729473 
1458.949859380722, 0.0852, 168.9440163119113 
1461.1918594837189, 0.0852, 169.00442455854454 
1463.4358594417572, 0.0855, 169.05988672080727 
1465.6778593063354, 0.0855, 169.11543324060898 
1467.9198594093323, 0.0852, 169.17106435642404 
1470.157859325409, 0.0852, 169.2217117093156 
1472.4018592834473, 0.0855, 169.27750499238388 
1474.6378593444824, 0.0852, 169.3333835708221 
1476.8768594264984, 0.0855, 169.38425649904946 
1479.1238594055176, 0.0855, 169.43520030239975 
1481.3688595294952, 0.0852, 169.4862151643644 
1483.608859539032, 0.0852, 169.54241380507324 
1485.8478593826294, 0.0852, 169.60382001744014 
1488.0828595161438, 0.0852, 169.66019969900373 
1490.3238594532013, 0.0855, 169.72180400127664 
1492.5688593387604, 0.0852, 169.77322021507666 
1494.8088593482971, 0.0855, 169.82986154925806 
1497.0558595657349, 0.0852, 169.8865906023956 
1499.2968595027924, 0.0835, 169.93307070410634 
1501.5378594398499, 0.0835, 169.9899598937971 
1503.771859407425, 0.0835, 170.041754071779 
1506.0168595314026, 0.0835, 170.09362152690176 
1508.25785946846, 0.0835, 170.14036504766375 
1510.4938592910767, 0.0835, 170.19237226067034 
1512.7408595085144, 0.0835, 170.23924187816434 
1514.9778592586517, 0.0835, 170.2913895495454 
1517.2168593406677, 0.0839, 170.3436114294805 
1519.4618594646454, 0.0839, 170.4011414424944 
1521.706859588623, 0.0835, 170.4535197999775 
1523.9488594532013, 0.0835, 170.5059729767511 
1526.1898593902588, 0.0835, 170.5585011713908 
1528.4238595962524, 0.0835, 170.61636906906958 
1530.6638596057892, 0.0835, 170.66378341241727 
1532.9048595428467, 0.0839, 170.71125900651458 
1535.1528594493866, 0.0835, 170.75879599835474 
1537.3898594379425, 0.0839, 170.8063945354446 
1539.6318595409393, 0.0835, 170.8540547658093 
1541.869859457016, 0.0839, 170.90177683799286 
1544.1128594875336, 0.0839, 170.94424849479577 
1546.3518595695496, 0.0839, 170.98676923708558 
1548.5938594341278, 0.0835, 171.03466387586866 
1550.842859506607, 0.0839, 171.08262092236805 
1553.0768594741821, 0.0835, 171.12530192191502 
1555.3178594112396, 0.0839, 171.17337726223852 
1557.5668594837189, 0.0835, 171.21616365258453 
1559.8068594932556, 0.0839, 171.2697166322 
1562.0448594093323, 0.0835, 171.32871496701625 
1564.2828595638275, 0.0832, 171.3770566961365 
1566.532859325409, 0.0835, 171.43084420302358 
1568.7738592624664, 0.0835, 171.4739307900989 
1571.005859375, 0.0835, 171.52246346530927 
1573.2558596134186, 0.0835, 171.57646368158254 
1575.4958593845367, 0.0835, 171.6197208522605 
1577.7348594665527, 0.0839, 171.66302880707852 
1579.9788596630096, 0.0835, 171.70638765676617 
1582.213859319687, 0.0835, 171.74436848725776 
1584.4568593502045, 0.0835, 171.78782306450597 
1586.6958594322205, 0.0839, 171.83132885694008 
1588.9378592967987, 0.0835, 171.87488597666277 
1591.1858594417572, 0.0839, 171.91849453613602 
1593.4248595237732, 0.0839, 171.96215464817976 
1595.66485953331, 0.0839, 172.0168024564973 
1597.909859418869, 0.0835, 172.06057897619885 
1600.148859500885, 0.0835, 172.109889629259 
1602.3888595104218, 0.0835, 172.1537766193773 
1604.6288595199585, 0.0835, 172.20321184271367 
1606.8728594779968, 0.0835, 172.2527132516333 
1609.1168594360352, 0.0835, 172.29677020024684 
1611.353859424591, 0.0835, 172.34087968965653 
1613.5948596000671, 0.0832, 172.37951868422658 
1615.8398594856262, 0.0835, 172.42372700155022 
1618.0788595676422, 0.0839, 172.46798819521783 
1620.3208594322205, 0.0839, 172.51230238267465 
1622.2428596019745, 0.0835, 172.54002571308183 
1624.1588594913483, 0.0835, 172.57887328506155 
1626.4058594703674, 0.0835, 172.6233204733131 
1628.6428594589233, 0.0835, 172.6678210694176 
1630.880859375, 0.0832, 172.7123751925456 
1633.117859363556, 0.0826, 172.75698296225508 
1635.369859457016, 0.0819, 172.79605886199747 
1638.5658593177795, 0.0819, 172.85195314441782 
1640.4858593940735, 0.0819, 172.8911293523072 
1642.4078595638275, 0.0819, 172.9191377260379 
1644.3308596611023, 0.0819, 172.95838502769018 
1646.5738594532013, 0.0819, 172.99767391131863 
1648.813859462738, 0.0819, 173.0482494219771 
1651.0578594207764, 0.0819, 173.0876336576467 
1653.2948596477509, 0.0819, 173.12705974492837 
1655.5428595542908, 0.0819, 173.17216948319552 
1657.7798595428467, 0.0819, 173.21168553084695 
1660.0178594589233, 0.0819, 173.25124369041447 
1662.2588596343994, 0.0819, 173.29084404521677 
1664.5008594989777, 0.0819, 173.33048667881357 
1666.7438595294952, 0.0816, 173.36449979302452 
1668.9858593940735, 0.0822, 173.3985440836846 
1671.2168593406677, 0.0819, 173.43830189713174 
1673.4688594341278, 0.0816, 173.47241391891635 
1675.7098593711853, 0.0819, 173.50655728557967 
1677.9508595466614, 0.0819, 173.55213062558946 
1680.1968593597412, 0.0822, 173.5977599119863 
1682.4378592967987, 0.0822, 173.64344527228926 
1684.6788594722748, 0.0819, 173.68346606125007 
1686.9158594608307, 0.0819, 173.72352996572437 
1689.1518595218658, 0.0819, 173.76363707194164 
1691.4008593559265, 0.0819, 173.8037874663839 
1693.6398594379425, 0.0822, 173.84398123578453 
1695.88285946846, 0.0819, 173.8784676269855 
1698.117859363556, 0.0819, 173.91298600433538 
1700.3608593940735, 0.0819, 173.9532979449873 
1702.6008594036102, 0.0819, 173.98788581475202 
1704.8388595581055, 0.0819, 174.02250584551626 
1707.0838594436646, 0.0819, 174.05715809278485 
1709.3198595046997, 0.0819, 174.09762650692477 
1711.244859457016, 0.0816, 174.1207710709639 
1713.16685962677, 0.0819, 174.1613086907699 
1715.4088594913483, 0.0819, 174.2018904649274 
1717.648859500885, 0.0819, 174.23671005370142 
1719.8898594379425, 0.0819, 174.27156220436706 
1722.1298594474792, 0.0819, 174.3064469734413 
1724.369859457016, 0.0819, 174.34718717233696 
1726.6208593845367, 0.0819, 174.38214280919632 
1728.856859445572, 0.0819, 174.4171312443802 
1731.0948596000671, 0.0819, 174.4521525350046 
1733.340859413147, 0.0819, 174.4872067383311 
1735.5848593711853, 0.0819, 174.52229391176596 
1737.8208594322205, 0.0819, 174.55741411286184 
1740.0608594417572, 0.0819, 174.59256739931845 
1742.300859451294, 0.0819, 174.62775382898127 
1744.5428595542908, 0.0819, 174.6629734598451 
1746.784859418869, 0.0819, 174.70410506938975 
1749.023859500885, 0.0819, 174.73939683584422 
1751.2738592624664, 0.0819, 174.78061276346267 
1753.50785946846, 0.0819, 174.8100805848457 
1755.746859550476, 0.0819, 174.85137462948117 
1757.9918594360352, 0.0816, 174.88680589094815 
1760.2328593730927, 0.0816, 174.92227078345758 
1762.4808595180511, 0.0819, 174.95776936625205 
1764.7128593921661, 0.0819, 174.99330169872601 
1766.954859495163, 0.0819, 175.0288678404269 
1769.2018594741821, 0.0819, 175.07040448317258 
1771.4428596496582, 0.0819, 175.10010179046458 
1773.682859659195, 0.0819, 175.12982270108063 
1775.9228596687317, 0.0819, 175.15956724982968 
1778.1588594913483, 0.0819, 175.1952919597863 
1780.4058594703674, 0.0819, 175.22508863532585 
1782.6468596458435, 0.08, 175.26684388899187 
1784.885859489441, 0.0803, 175.30267122955507 
1787.125859260559, 0.0803, 175.3325535697658 
1789.3708596229553, 0.0803, 175.36844389855088 
1791.6118595600128, 0.0803, 175.40436867116088 
1793.8508596420288, 0.0803, 175.44032794893664 
1796.0938594341278, 0.0803, 175.47032041622788 
1798.331859588623, 0.08, 175.50033692382064 
1800.5748596191406, 0.0803, 175.53638851647557 
1802.8148596286774, 0.08, 175.56645803869142 
1805.063859462738, 0.0803, 175.5965517158907 
1807.3018593788147, 0.0803, 175.62666958407536 
1809.5418593883514, 0.0803, 175.66284300880312 
1811.786859512329, 0.0803, 175.69905138300376 
1814.0228595733643, 0.0803, 175.729251770885 
1816.2678594589233, 0.0803, 175.76552438197456 
1818.5068595409393, 0.0803, 175.79577838866004 
1820.7438595294952, 0.0803, 175.83211544825173 
1822.9848594665527, 0.0803, 175.856359730337 
1825.228859424591, 0.08, 175.88668713861253 
1827.470859527588, 0.0803, 175.9231124253941 
1829.7118594646454, 0.0803, 175.95349387165896 
1831.9528594017029, 0.0803, 175.98389993969752 
1834.1968593597412, 0.0803, 176.01433066653024 
1836.4358594417572, 0.0803, 176.0447860892577 
1838.6768593788147, 0.0803, 176.07526624506292 
1840.9198594093323, 0.0803, 176.10577117121045 
1843.1568593978882, 0.0803, 176.13630090504637 
1845.403859615326, 0.0803, 176.16685548399897 
1847.6388595104218, 0.0803, 176.197434945579 
1849.885859489441, 0.08, 176.23416319748026 
1852.125859260559, 0.0803, 176.26479753328528 
1854.3678596019745, 0.0803, 176.2954568723078 
1856.6068596839905, 0.0803, 176.32614125240733 
1858.8468594551086, 0.0803, 176.35685071152616 
1861.0908596515656, 0.0803, 176.38143636126605 
1863.3198595046997, 0.0803, 176.41219105850317 
1865.5718595981598, 0.08, 176.44297094144594 
1867.8118596076965, 0.0803, 176.47377604835702 
1870.050859451294, 0.0803, 176.50460641758394 
1872.2938594818115, 0.08, 176.53546208755844 
1874.536859512329, 0.0803, 176.56016486595763 
1876.771859407425, 0.0803, 176.59106617440014 
1878.7008595466614, 0.0803, 176.60961915321744 
1880.6188595294952, 0.0803, 176.64675258584728 
1882.8618593215942, 0.0803, 176.67152858636615 
1885.1008594036102, 0.0803, 176.69632091313085 
1887.3458592891693, 0.0803, 176.72733431077273 
1889.5868594646454, 0.0803, 176.7583732884075 
1891.8288593292236, 0.0803, 176.7832229144083 
1894.0668594837189, 0.0803, 176.8143080347182 
1896.3088593482971, 0.0803, 176.8454188448293 
1898.545859336853, 0.0803, 176.8703260160385 
1900.786859512329, 0.0803, 176.90148316709866 
1903.0288593769073, 0.0796, 176.9326661184579 
1905.2698593139648, 0.0796, 176.9638749097464 
1907.5128593444824, 0.079, 176.98886057421538 
1909.75385928154, 0.0784, 177.01386282203552 
1911.994859457016, 0.0787, 177.04513898325231 
1914.2358593940735, 0.0784, 177.0764411278074 
1916.4778592586517, 0.0787, 177.10776929574251 
1918.7248594760895, 0.0787, 177.13285059388934 
1920.9648594856262, 0.0787, 177.1642257051005 
1923.2018594741821, 0.0787, 177.18934461003494 
1925.4458594322205, 0.0787, 177.22076679507526 
1927.6878595352173, 0.0784, 177.23963268369897 
1929.9268596172333, 0.0784, 177.277392801404 
1932.1678595542908, 0.0784, 177.30258723430083 
1934.4108595848083, 0.0784, 177.32779850838062 
1936.6518595218658, 0.0787, 177.3530266445223 
1938.8928594589233, 0.0787, 177.37195882493742 
1941.1318595409393, 0.0787, 177.4098517111537 
1943.371859550476, 0.0787, 177.43513479364353 
1945.6148595809937, 0.0787, 177.46043482734993 
1947.8578593730927, 0.0787, 177.4920837392455 
1950.0968594551086, 0.0787, 177.5110858327613 
1952.3448593616486, 0.0784, 177.5364368467358 
1954.585859298706, 0.0787, 177.55546128577106 
1956.8198595046997, 0.0787, 177.58719000318405 
1959.0648593902588, 0.0787, 177.61894540537557 
1961.3038594722748, 0.0787, 177.6443689681394 
1963.5448594093323, 0.0787, 177.6698096571573 
1965.7878594398499, 0.0787, 177.69526749382499 
1968.0348596572876, 0.0784, 177.72074249957677 
1970.268859386444, 0.0784, 177.74623469588596 
1972.510859489441, 0.0787, 177.77174410426505 
1974.7528593540192, 0.0787, 177.7908874689338 
1976.994859457016, 0.0787, 177.81642705031837 
1979.2268595695496, 0.0787, 177.84198390313549 
1981.4808595180511, 0.0784, 177.87395429011048 
1983.7178592681885, 0.0784, 177.8931495097474 
1985.9568593502045, 0.0787, 177.92516321767476 
1988.2008595466614, 0.0787, 177.95079371620574 
1990.4398593902588, 0.0784, 177.97002799820353 
1992.6878595352173, 0.0787, 177.99568893586957 
1994.927859544754, 0.0787, 178.0149460723474 
1997.1628596782684, 0.0787, 178.04063751621553 
1999.409859418869, 0.0787, 178.06634642239294 
2001.648859500885, 0.0784, 178.09207281289048 
2003.8948595523834, 0.0787, 178.1178167097578 
2006.1348595619202, 0.0787, 178.1435781350865 
2008.3688595294952, 0.0787, 178.1629107204477 
2010.6138594150543, 0.0787, 178.18225318736867 
2012.8508596420288, 0.0787, 178.20805853076513 
2015.0978593826294, 0.0787, 178.23388148026265 
2017.3308596611023, 0.0787, 178.26618495965056 
2019.5758595466614, 0.0787, 178.27911407358272 
2021.8168594837189, 0.0784, 178.30498555483325 
2024.0598595142365, 0.0787, 178.3244007735047 
2026.297859430313, 0.0784, 178.3503032266963 
2028.5388596057892, 0.0767, 178.37622340900919 
2030.7888593673706, 0.0767, 178.40864860276037 
2033.0278594493866, 0.0771, 178.42811705104612 
2035.268859386444, 0.0771, 178.4475955100035 
2037.5038595199585, 0.0767, 178.4670839891763 
2039.7498593330383, 0.0767, 178.493084231595 
2041.9888594150543, 0.0767, 178.51259612845897 
2044.2338593006134, 0.0774, 178.53862762923922 
2046.4698593616486, 0.0784, 178.56467702322604 
2048.715859413147, 0.0777, 178.58422582485062 
2050.959859609604, 0.0767, 178.60378471386818 
2053.1988594532013, 0.0771, 178.62335369992934 
2055.116859436035, 0.0767, 178.6429327926976 
2057.0428595542908, 0.0767, 178.66252200185025 
2059.2828595638275, 0.0767, 178.68865670073686 
2061.5178594589233, 0.0767, 178.70826955249677 
2063.7668595314026, 0.0767, 178.7278925529962 
2066.008859395981, 0.0771, 178.74752571197166 
2068.241859436035, 0.0767, 178.76716903917261 
2070.486859560013, 0.0767, 178.79337597622333 
2072.7238595485687, 0.0771, 178.81304306727532 
2074.9728593826294, 0.0771, 178.83928172498602 
2077.2098593711853, 0.0771, 178.8655385407506 
2079.449859380722, 0.0771, 178.88524308281134 
2081.6948595046997, 0.0767, 178.90495786172778 
2083.9328594207764, 0.0767, 178.9181067396827 
2086.174859523773, 0.0767, 178.9444181695804 
2088.411859512329, 0.0767, 178.97074785099215 
2090.6608593463898, 0.0771, 178.9905071037269 
2092.8998594284058, 0.0767, 179.01686878180035 
2095.1408593654633, 0.0771, 179.03665205905565 
2097.3788595199585, 0.0771, 179.04984663927777 
2099.616859436035, 0.0771, 179.0762495619321 
2101.8618593215942, 0.0771, 179.09606380749966 
2104.0998594760895, 0.0767, 179.11588839580747 
2106.3458592891693, 0.0767, 179.14233728622585 
2108.5818593502045, 0.0767, 179.16218604654057 
2110.831859588623, 0.0767, 179.18204518301238 
2113.07185959816, 0.0771, 179.20191470569597 
2115.3128595352173, 0.0767, 179.21516682924192 
2117.5518596172333, 0.0767, 179.2350536846635 
2119.7958595752716, 0.0771, 179.26158569178915 
2122.0338594913483, 0.0771, 179.28149686016138 
2124.271859407425, 0.0771, 179.30141846523745 
2126.514859676361, 0.0767, 179.3279968577406 
2128.752859354019, 0.0767, 179.34129302607857 
2130.9958593845367, 0.0767, 179.36124600216905 
2133.2348594665527, 0.0767, 179.38120945561425 
2135.4778592586517, 0.0767, 179.40118339661223 
2137.722859621048, 0.0767, 179.42116783537668 
2139.9608595371246, 0.0767, 179.44116278213534 
2142.2028596401215, 0.0771, 179.46783907461977 
2144.442859649658, 0.0761, 179.49453409051114 
2146.6848595142365, 0.0751, 179.5212478541731 
2148.925859451294, 0.0751, 179.52792922728744 
2151.1698594093323, 0.0751, 179.54129549482707 
2153.411859512329, 0.0751, 179.56804212585394 
2155.6538593769073, 0.0751, 179.58811444513424 
2157.8918595314026, 0.0751, 179.61489401853123 
2160.13485956192, 0.0754, 179.6349910727855 
2162.380859375, 0.0758, 179.65509874503852 
2164.6218593120575, 0.0754, 179.6685097638969 
2166.8548595905304, 0.0751, 179.68863515593074 
2169.103859424591, 0.0751, 179.70205799762164 
2171.3368594646454, 0.0751, 179.7289178877238 
2173.577859401703, 0.0751, 179.74235494232832 
2175.824859380722, 0.0751, 179.7692432861488 
2178.061859369278, 0.0751, 179.78942201152842 
2180.3048593997955, 0.0751, 179.8096114350123 
2182.550859451294, 0.0751, 179.8298115671138 
2184.78785943985, 0.0751, 179.8365473259933 
2187.026859521866, 0.0751, 179.86350227948026 
2189.2668595314026, 0.0751, 179.8769869124778 
2191.50785946846, 0.0751, 179.897222816095 
2193.4378592967987, 0.0751, 179.9107193924917 
2195.3518595695496, 0.0751, 179.93097322591015 
2197.593859434128, 0.0751, 179.95123783134372 
2199.840859413147, 0.0751, 179.97151321941186 
2202.078859567642, 0.0751, 179.991799400749 
2204.3178594112396, 0.0751, 180.0120963860054 
2206.554859638214, 0.0754, 180.03240418584602 
2208.803859472275, 0.0751, 180.05272281095174 
2211.0428595542908, 0.0751, 180.06627458033964 
2213.2888593673706, 0.0751, 180.07983116888272 
2215.521859407425, 0.0751, 180.10695881614197 
2217.770859479904, 0.0751, 180.12052988121926 
2220.0028595924377, 0.0751, 180.14089553960235 
2222.2518594264984, 0.0751, 180.16127208047348 
2224.489859342575, 0.0751, 180.17486249220343 
2226.7348594665527, 0.0751, 180.1884577485823 
2228.9758594036102, 0.0751, 180.20885972386992 
2231.213859319687, 0.0754, 180.22927261763434 
2233.4558594226837, 0.0751, 180.24288728464586 
2235.6948595046997, 0.0751, 180.25650681233978 
2237.938859462738, 0.0751, 180.27694522469656 
2240.173859357834, 0.0751, 180.297394591693 
2242.4138593673706, 0.0754, 180.31103359430819 
2244.6588594913483, 0.0751, 180.33832623315084 
2246.8998594284058, 0.0751, 180.35197987584448 
2249.1308596134186, 0.0751, 180.36563840503558 
2251.3818593025208, 0.0754, 180.38613536809515 
2253.6278595924377, 0.0754, 180.39980612771546 
2255.8628594875336, 0.0754, 180.42716234377113 
2258.1028594970703, 0.0751, 180.44084780671335 
2260.3518595695496, 0.0751, 180.45453817727463 
2262.587859392166, 0.0751, 180.46823345871707 
2264.8308596611023, 0.0751, 180.48878559592336 
2267.0748596191406, 0.0748, 180.50934880098836 
2269.315859556198, 0.0745, 180.52992308495837 
2271.554859638214, 0.0743, 180.5436454346818 
2273.7888593673706, 0.0751, 180.55737271656176 
2276.032859325409, 0.0751, 180.57110493388325 
2278.2738592624664, 0.0754, 180.5917125210123 
2280.5168595314026, 0.0751, 180.61233123139598 
2282.7618594169617, 0.0751, 180.62608322339847 
2284.994859457016, 0.074, 180.63984016731627 
2287.2428596019745, 0.0738, 180.65360206645335 
2289.4828596115112, 0.0738, 180.66736892411691 
2291.722859621048, 0.0738, 180.68802851509355 
2293.958859682083, 0.0736, 180.701807783566 
2296.1998596191406, 0.0738, 180.72938123421818 
2298.442859649658, 0.0736, 180.7431754230452 
2300.688859462738, 0.0738, 180.7569745919768 
2302.9298593997955, 0.0738, 180.77077874434417 
2305.172859430313, 0.0738, 180.79149432413394 
2307.4138593673706, 0.0738, 180.80531094968902 
2309.6538593769073, 0.0738, 180.82604525492243 
2311.895859479904, 0.0738, 180.84679081047946 
2314.1288595199585, 0.074, 180.8537084976919 
2316.377859354019, 0.0738, 180.87446907128196 
2318.610859632492, 0.0738, 180.88139176786234 
2320.858859539032, 0.0738, 180.90216737963752 
2323.093859434128, 0.0738, 180.9229542832998 
2325.332859516144, 0.0738, 180.9368184979616 
2327.5738594532013, 0.0738, 180.95762424672046 
2329.815859556198, 0.074, 180.97150103533076 
2332.0568594932556, 0.0738, 180.9853828594368 
2334.2968595027924, 0.074, 180.99926972242486 
2336.5448594093323, 0.0738, 181.02010947222487 
2338.781859397888, 0.0738, 181.0340089472523 
2341.026859521866, 0.0738, 181.05486763102817 
2343.268859386444, 0.0738, 181.06877973932924 
2345.5028595924377, 0.0738, 181.0826969068976 
2347.7508594989777, 0.0738, 181.08965738897197 
2349.991859436035, 0.0738, 181.11054643347418 
2352.230859518051, 0.0738, 181.12447879931128 
2354.4748594760895, 0.0738, 181.14538686086843 
2356.707859516144, 0.0738, 181.15933191543303 
2358.9488594532013, 0.0738, 181.16630634805847 
2361.197859287262, 0.0738, 181.1802590261394 
2363.433859348297, 0.0738, 181.20119758177344 
2365.6698594093323, 0.0738, 181.222147593935 
2367.9168593883514, 0.0738, 181.22913347922486 
2370.156859397888, 0.0738, 181.24310907424118 
2372.3978593349457, 0.0738, 181.25708977138098 
2374.6398594379425, 0.0738, 181.27807039112233 
2376.8788595199585, 0.0736, 181.2990625100702 
2379.1238594055176, 0.0738, 181.30606244045035 
2381.3618593215942, 0.0738, 181.32006613990438 
2383.5978593826294, 0.0738, 181.33407496050623 
2385.8458592891693, 0.0738, 181.3480889057263 
2388.085859298706, 0.0736, 181.36911943981391 
2390.3308596611023, 0.0736, 181.3761321839171 
2392.5678594112396, 0.0736, 181.3971781205419 
2394.8078594207764, 0.0732, 181.40419600230695 
2397.047859430313, 0.0728, 181.4252573623769 
2399.2928595542908, 0.073, 181.43930470243401 
2401.2088594436646, 0.0726, 181.44633030377645 
2403.1318595409393, 0.0728, 181.46038537127563 
2405.372859477997, 0.0728, 181.47444559477842 
2407.6098594665527, 0.0728, 181.4885109777891 
2409.8518595695496, 0.0728, 181.5096187340579 
2412.095859527588, 0.0728, 181.51665723637086 
2414.3368594646454, 0.0738, 181.5307381189684 
2416.5738594532013, 0.0738, 181.55186914439216 
2418.8228595256805, 0.0738, 181.56596296749717 
2421.055859565735, 0.0738, 181.57301182221912 
2423.2968595027924, 0.0738, 181.5871134202069 
2425.5428595542908, 0.0736, 181.60122020586485 
2427.784859418869, 0.0732, 181.61533218272876 
2430.026859521866, 0.073, 181.63650988927947 
2432.2618594169617, 0.0728, 181.64357172423573 
2434.505859375, 0.0728, 181.6576992959687 
2436.747859477997, 0.0728, 181.67183207308642 
2438.9908595085144, 0.0728, 181.6930410066345 
2441.2268595695496, 0.0728, 181.70011325769502 
2443.458859682083, 0.0726, 181.70718681276935 
2445.7098593711853, 0.0728, 181.72133783674258 
2447.951859474182, 0.0726, 181.72841530653227 
2450.1948595046997, 0.0728, 181.73549408211935 
2452.435859441757, 0.0728, 181.74257416394963 
2454.678859472275, 0.0728, 181.74965555246987 
2456.921859264374, 0.0728, 181.7638222513669 
2459.1628596782684, 0.0728, 181.77799418238718 
2461.3978593349457, 0.0728, 181.78508211106202 
2463.645859479904, 0.0726, 181.79926189698102 
2465.885859489441, 0.0728, 181.80635375512165 
2468.125859260559, 0.0728, 181.81344692398056 
2470.3688595294952, 0.0728, 181.82054140400683 
2472.608859539032, 0.0728, 181.83473429935765 
2474.8418593406677, 0.0728, 181.8560334873703 
2477.087859392166, 0.0728, 181.86313584383694 
2479.331859588623, 0.0728, 181.87023951461842 
2481.5598595142365, 0.0728, 181.88445080092845 
2483.808859348297, 0.0728, 181.89155841735874 
2486.0518596172333, 0.0728, 181.89866734990736 
2488.2928595542908, 0.0728, 181.91288916516618 
2490.536859512329, 0.0728, 181.92000204877942 
2492.771859407425, 0.0728, 181.92711625031885 
2495.0128593444824, 0.0728, 181.94134860898322 
2497.262859582901, 0.0728, 181.95558624478136 
2499.499859571457, 0.0728, 181.96270704273792 
2501.7428596019745, 0.0728, 181.97695260103444 
2503.9848594665527, 0.0724, 181.9912034455338 
2506.2188596725464, 0.0726, 181.9983308512455 
2508.464859485626, 0.072, 182.01258963186493 
2510.707859516144, 0.0718, 182.0268537077801 
2512.9488594532013, 0.0728, 182.03398773261193 
2515.188859462738, 0.0728, 182.04112308263404 
2517.428859472275, 0.0728, 182.05539776007402 
2519.6698594093323, 0.0728, 182.07681972656897 
2521.9068596363068, 0.0728, 182.0839630373177 
2524.145859479904, 0.0728, 182.09110767645348 
2526.3888595104218, 0.0728, 182.10540094171688 
2528.63285946846, 0.0728, 182.11969952602317 
2530.8708596229553, 0.0728, 182.1268508139632 
2533.116859436035, 0.0728, 182.1483126664361 
2535.355859518051, 0.0728, 182.15546928167558 
2537.593859434128, 0.0718, 182.16262722988833 
2539.8338594436646, 0.0718, 182.18410907696742 
2542.0818593502045, 0.0718, 182.19127236167543 
2544.3238594532013, 0.0718, 182.19843698165818 
2546.566859483719, 0.0716, 182.21277022929465 
2548.803859472275, 0.0716, 182.22710882356745 
2551.0468595027924, 0.0718, 182.2414527681717 
2553.2888593673706, 0.0716, 182.24862674800386 
2555.523859500885, 0.0718, 182.26297872504134 
2557.769859313965, 0.0718, 182.27733606166413 
2560.0038595199585, 0.0716, 182.28451674097838 
2562.2518594264984, 0.0716, 182.2988821239322 
2564.4878594875336, 0.0716, 182.3132528757481 
2566.730859518051, 0.0718, 182.3276290001433 
2568.970859527588, 0.0716, 182.3348190782209 
2571.2178592681885, 0.0716, 182.34920326846336 
2573.4568593502045, 0.0716, 182.35639738156007 
2575.697859287262, 0.0716, 182.3707896460347 
2577.936859369278, 0.0718, 182.38518729799554 
2580.1808593273163, 0.0718, 182.39959034117874 
2582.421859264374, 0.0716, 182.40679388564706 
2584.3368594646454, 0.0716, 182.413998779324 
2586.2648594379425, 0.0716, 182.42841261617534 
2588.497859477997, 0.0716, 182.44283185547957 
2590.738859653473, 0.0716, 182.45004350222408 
2592.980859518051, 0.0716, 182.4572565009887 
2595.228859424591, 0.0718, 182.47168655645766 
2597.4698593616486, 0.0716, 182.49334179155858 
2599.707859516144, 0.0716, 182.49334179155858 
2601.9448595046997, 0.0718, 182.50778538837977 
2604.1938593387604, 0.0716, 182.52223440833316 
2606.4348595142365, 0.0718, 182.5366888551909 
2608.673859357834, 0.0718, 182.5511487327292 
2610.9088594913483, 0.0718, 182.5511487327292 
2613.1548595428467, 0.0718, 182.56561404472774 
2615.3978593349457, 0.0716, 182.58008479497036 
2617.633859395981, 0.0716, 182.59456098724425 
2619.8768594264984, 0.0716, 182.60180112532788 
2622.1218593120575, 0.0718, 182.6235297130562 
2624.3608593940735, 0.0716, 182.63077530170756 
2626.601859331131, 0.0718, 182.63802225418846 
2628.843859434128, 0.0716, 182.65252025254048 
2631.079859495163, 0.0716, 182.6670237119192 
2633.325859308243, 0.0716, 182.68153263613567 
2635.5628595352173, 0.0718, 182.68878914874986 
2637.7968595027924, 0.0716, 182.6960470290041 
2640.047859430313, 0.0716, 182.70330627737573 
2642.2888593673706, 0.0716, 182.71782888038288 
2644.5228595733643, 0.0718, 182.73235696159503 
2646.7678594589233, 0.0716, 182.73962305772432 
2649.010859489441, 0.0718, 182.74689052484072 
2651.246859550476, 0.0716, 182.7614295739518 
2653.4938592910767, 0.0716, 182.77597411276446 
2655.731859445572, 0.0716, 182.78324844200844 
2657.967859506607, 0.0709, 182.79780122257372 
2660.2178592681885, 0.0718, 182.80507967485644 
2662.451859474182, 0.0718, 182.81964070582765 
2664.6958594322205, 0.0718, 182.83420724188304 
2666.935859441757, 0.0716, 182.8414925755218 
2669.174859523773, 0.0718, 182.8487792868781 
2671.41485953331, 0.0716, 182.85606737643383 
2673.657859325409, 0.0718, 182.87064769207612 
2675.895859479904, 0.0716, 182.88523352631412 
2678.1448595523834, 0.0716, 182.89252851411567 
2680.3848593235016, 0.0718, 182.8998248830173 
2682.622859477997, 0.0718, 182.9144217660587 
2684.8618593215942, 0.0718, 182.92902417931543 
2687.1058592796326, 0.0716, 182.93632746098743 
2689.331859588623, 0.0716, 182.95093817684614 
2691.587859392166, 0.0718, 182.95824561200456 
2693.826859474182, 0.0713, 182.97286463921105 
2696.0688593387604, 0.0709, 182.98748921218157 
2698.308859348297, 0.0707, 183.00211933481324 
2700.547859430313, 0.0705, 183.00211933481324 
2702.7918593883514, 0.0705, 183.01675501100715 
2705.0288593769073, 0.0705, 183.02407493291028 
2707.2738592624664, 0.0705, 183.03871894677098 
2709.5128593444824, 0.0705, 183.04604303970632 
2711.7558596134186, 0.0705, 183.0606954000337 
2713.998859643936, 0.0707, 183.0753533295677 
2716.2368593215942, 0.0705, 183.08268438401208 
2718.4758594036102, 0.0705, 183.09001683222922 
2720.720859527588, 0.0705, 183.0973506747094 
2722.9568593502045, 0.0705, 183.11202254442347 
2725.203859567642, 0.0705, 183.1266999970859 
2727.441859483719, 0.0705, 183.13404081825206 
2729.685859441757, 0.0705, 183.14138303663145 
2731.927859544754, 0.0705, 183.14872665271648 
2734.163859605789, 0.0705, 183.1634180799743 
2736.4058594703674, 0.0707, 183.17076589213366 
2738.6428594589233, 0.0705, 183.185465715981 
2740.883859395981, 0.0707, 183.20017114249302 
2743.1298594474792, 0.0705, 183.20752595798416 
2745.365859270096, 0.0705, 183.21488217562523 
2747.6128594875336, 0.0707, 183.22223979591124 
2749.853859424591, 0.0707, 183.2369592463991 
2752.087859392166, 0.0705, 183.2516843134135 
2754.3288593292236, 0.0707, 183.25904895435863 
2756.5758595466614, 0.0707, 183.2664150009245 
2758.8178594112396, 0.0705, 183.28852157931544 
2761.0518596172333, 0.0705, 183.29589325333504 
2763.294859647751, 0.0705, 183.3032663354619 
2765.214859485626, 0.0707, 183.31064082619446 
2767.4638595581055, 0.0707, 183.31801672603112 
2770.021859407425, 0.0705, 183.32539403547034 
2771.939859390259, 0.0705, 183.34015288515266 
2774.1848595142365, 0.0705, 183.3475344263944 
2776.421859264374, 0.0707, 183.36230174417707 
2778.6628596782684, 0.0705, 183.3770747123603 
2781.2218594551086, 0.0707, 183.3844633166031 
2783.464859485626, 0.0705, 183.39185333494805 
2785.383859395981, 0.0705, 183.39924476789625 
2787.9538593292236, 0.0707, 183.40663761594956 
2790.185859441757, 0.0705, 183.42142755937758 
2792.1098594665527, 0.0705, 183.43622316924947 
2794.3478593826294, 0.0705, 183.44362310035814 
2796.5968594551086, 0.0705, 183.45102444958601 
2798.8288593292236, 0.0707, 183.4584272174365 
2801.0688593387604, 0.0707, 183.4658314044131 
2803.3178594112396, 0.0707, 183.48064403776004 
2805.554859638214, 0.0705, 183.4954623536604 
2807.7938594818115, 0.0705, 183.5102863561524 
2810.0338594913483, 0.0707, 183.5102863561524 
2812.2798595428467, 0.0705, 183.52511604927813 
2814.5188596248627, 0.0705, 183.53253303109287 
2816.7548594474792, 0.0703, 183.5473712677567 
2819.0038595199585, 0.0703, 183.5473712677567 
2821.5578594207764, 0.0701, 183.56221520517798 
2823.799859523773, 0.0701, 183.5770648474131 
2825.722859621048, 0.0697, 183.5844918091048 
2828.2808594703674, 0.0697, 183.59935001617657 
2830.5228595733643, 0.0695, 183.59935001617657 
2832.7618594169617, 0.0695, 183.60678126257352 
2834.685859441757, 0.0697, 183.62164804363303 
2837.2508594989777, 0.0695, 183.6365205457758 
2839.491859436035, 0.0695, 183.64395894352748 
2841.41285943985, 0.0695, 183.65884003494185 
2843.6498594284058, 0.0693, 183.65884003494185 
2845.8948595523834, 0.0695, 183.66628272962615 
2848.1128594875336, 0.0695, 183.6737268576423 
2850.371859550476, 0.0695, 183.68861941571686 
2852.6148595809937, 0.0695, 183.69606784679823 
2854.8578593730927, 0.0695, 183.70351771325795 
2857.0988595485687, 0.0695, 183.71842175436305 
2859.334859609604, 0.0695, 183.72587593003328 
2861.5758595466614, 0.0695, 183.73333154313303 
2863.821859359741, 0.0695, 183.74078859417511 
2866.0578594207764, 0.0697, 183.7482470836735 
2868.3058593273163, 0.0695, 183.76316838009436 
2870.5468595027924, 0.0695, 183.7706311880452 
2872.784859418869, 0.0695, 183.78556112600134 
2875.021859407425, 0.0695, 183.79302825703684 
2877.2678594589233, 0.0695, 183.80049683013107 
2879.5048594474792, 0.0695, 183.80049683013107 
2881.7518594264984, 0.0695, 183.8154383045586 
2883.994859457016, 0.0695, 183.83038555341358 
2886.229859352112, 0.0695, 183.83786134454263 
2888.4718594551086, 0.0695, 183.84533858082867 
2890.715859413147, 0.0695, 183.85281726278956 
2892.9568593502045, 0.0695, 183.86029739094238 
2895.191859483719, 0.0695, 183.87526198789607 
2897.4348595142365, 0.0695, 183.89023237583598 
2899.675859451294, 0.0695, 183.89771974272313 
2901.9228596687317, 0.0695, 183.89771974272313 
2904.1538593769073, 0.0695, 183.91269882492668 
2906.3998594284058, 0.0695, 183.91269882492668 
2908.635859489441, 0.0695, 183.92768370850166 
2910.869859457016, 0.0695, 183.94267439760904 
2913.1188595294952, 0.0695, 183.95017192053922 
2915.3628594875336, 0.0695, 183.95767089641512 
