# tiempo [s], press [mBar], Temp [C]
0.0, 0.0684, 184.10042819284882 
1.9279999732971191, 0.0684, 184.11548594610034 
3.5299997329711914, 0.0684, 184.12301701918253 
5.121999740600586, 0.0684, 184.13054955727233 
6.723999977111816, 0.0682, 184.13054955727233 
8.645999908447266, 0.0684, 184.13808356089697 
10.247999906539917, 0.0684, 184.13808356089697 
11.849999904632568, 0.0684, 184.14561903058504 
13.45199990272522, 0.0684, 184.12301701918253 
15.373999834060669, 0.0682, 184.05529003847371 
16.9760000705719, 0.0684, 183.92768370850166 
18.57799983024597, 0.0684, 183.7482470836735 
20.169999837875366, 0.0682, 183.52511604927813 
22.09499979019165, 0.0684, 183.2664150009245 
23.69700002670288, 0.0684, 182.97286463921105 
25.298999786376953, 0.0684, 182.6670237119192 
26.89299988746643, 0.0674, 182.3348190782209 
28.497999906539917, 0.0674, 181.98407736228177 
30.420000076293945, 0.0674, 181.62239011896872 
32.02199983596802, 0.0672, 181.25708977138098 
33.93399977684021, 0.0672, 180.87446907128196 
35.54299974441528, 0.0664, 180.5024931688563 
37.14400005340576, 0.0661, 180.12731722551285 
38.746999740600586, 0.0661, 179.75579674076872 
40.66000008583069, 0.0661, 179.37455380635285 
42.26299977302551, 0.0653, 178.99709580739238 
43.865999937057495, 0.0653, 178.62335369992934 
45.46399998664856, 0.0653, 178.25326025978683 
47.0629997253418, 0.0653, 177.8931495097474 
48.98299980163574, 0.0647, 177.5300974969684 
50.58699989318848, 0.0643, 177.1642257051005 
52.19199991226196, 0.0643, 176.80187090602044 
53.793999910354614, 0.0643, 176.4368129481655 
55.70799994468689, 0.0643, 176.08746524099155 
57.31099987030029, 0.0637, 175.73529476933535 
58.91599988937378, 0.0632, 175.3923899160829 
60.51099967956543, 0.063, 175.04666360838766 
62.11699986457825, 0.0632, 174.69822635005073 
64.02999973297119, 0.063, 174.35301083657163 
65.63599991798401, 0.063, 174.01673360463246 
67.23899984359741, 0.0622, 173.68346606125007 
69.15699982643127, 0.062, 173.35315862685337 
70.75300002098083, 0.062, 173.02576290327704 
72.3589997291565, 0.062, 172.69009143264057 
73.95700001716614, 0.062, 172.36295417350766 
75.55899977684021, 0.061, 172.03868423326404 
77.48099994659424, 0.061, 171.72266036939362 
79.08599996566772, 0.061, 171.40394063791874 
80.68400001525879, 0.061, 171.08795334197515 
82.28499984741211, 0.061, 170.7640816827233 
84.20099997520447, 0.061, 170.4535197999775 
85.79999995231628, 0.061, 170.14036504766375 
87.40299987792969, 0.0599, 169.8350151073706 
89.00799989700317, 0.0599, 169.53218944746408 
90.92400002479553, 0.0599, 169.2217117093156 
92.52699971199036, 0.0599, 168.91384963378337 
94.12899994850159, 0.0593, 168.60856261034968 
95.72499990463257, 0.0599, 168.31075385048385 
97.65299987792969, 0.0591, 168.01045810512062 
99.25200009346008, 0.0587, 167.7126215658369 
100.85499978065491, 0.0587, 167.4172071027442 
102.45799994468689, 0.0589, 167.11939432436108 
104.37899971008301, 0.0587, 166.819264277201 
105.9709997177124, 0.0587, 166.53572119509812 
107.5809998512268, 0.0587, 166.24504402944484 
109.17199993133545, 0.0576, 165.95205557827597 
111.09999990463257, 0.0576, 165.66142753919326 
112.69199991226196, 0.0576, 165.37312483599783 
114.30299973487854, 0.0576, 165.08711314739654 
115.89599990844727, 0.0578, 164.7988728713454 
117.8219997882843, 0.0576, 164.52182917690686 
119.4229998588562, 0.0578, 164.23365954094942 
121.02499985694885, 0.0568, 163.94778909650796 
122.62400007247925, 0.0568, 163.66418399435588 
124.54299974441528, 0.0566, 163.38712317740752 
126.14599990844727, 0.0568, 163.10791647875436 
127.74199986457825, 0.0568, 162.83087830952016 
129.34299969673157, 0.0568, 162.55176487231304 
131.26799988746643, 0.0566, 162.526499092 
132.86899995803833, 0.0568, 162.27482328430463 
134.47299981117249, 0.0555, 161.98343586720517 
136.07200002670288, 0.0555, 161.7355641595816 
137.99399995803833, 0.0555, 161.4485527038699 
139.59599995613098, 0.0555, 161.16384727525227 
141.19599986076355, 0.0558, 160.88141367034862 
142.79399991035461, 0.0558, 160.64111052039988 
144.7189998626709, 0.0555, 160.3628077649564 
146.3159999847412, 0.0555, 160.08668308931055 
147.92000007629395, 0.0545, 159.8127050138001 
149.52099990844727, 0.0545, 159.540842718065 
151.43099975585938, 0.0543, 159.27106602302743 
153.03799986839294, 0.0543, 159.041466403853 
154.6399998664856, 0.0545, 158.77548501606233 
156.242999792099, 0.0545, 158.5115063836696 
158.16400003433228, 0.0545, 158.2122331541145 
159.760999917984, 0.0543, 157.9524530342604 
161.36299967765808, 0.0535, 157.6945899718618 
162.9649999141693, 0.0535, 157.43861782025786 
164.8899998664856, 0.0533, 157.18451094983283 
166.48699975013733, 0.0535, 156.93224423466617 
168.0899999141693, 0.0533, 156.68179303960696 
169.69199991226196, 0.0535, 156.39775522125376 
171.60800004005432, 0.0535, 156.15111367918703 
173.21399974822998, 0.0535, 155.90621329012959 
174.81499981880188, 0.0535, 155.6284300158065 
176.4099998474121, 0.0535, 155.38718467741927 
178.33200001716614, 0.0524, 155.1476104875226 
179.93099975585938, 0.0524, 154.8758302665318 
181.53200006484985, 0.0524, 154.63976551208404 
183.13199996948242, 0.0522, 154.37194156124696 
185.05299997329712, 0.0522, 154.13929176381671 
186.65399980545044, 0.0522, 153.90820431907514 
188.2539999485016, 0.0522, 153.64599257690583 
189.8549997806549, 0.0522, 153.41818810035363 
191.7849998474121, 0.0522, 153.1596788500517 
193.37999987602234, 0.0522, 152.90310471464716 
194.98499989509583, 0.0522, 152.64843890087946 
196.57799983024597, 0.0514, 152.4271510808539 
198.50299978256226, 0.0514, 152.17599301619785 
200.10099983215332, 0.0512, 151.92666919060113 
201.70000004768372, 0.0512, 151.67915481854033 
203.30499982833862, 0.0512, 151.43342560030652 
205.22299981117249, 0.0514, 151.1894577095707 
206.82499980926514, 0.0512, 150.94722778133954 
208.43099975585938, 0.0514, 150.70671290029026 
210.02499985694885, 0.0512, 150.46789058946572 
211.95199990272522, 0.0512, 150.23073879932286 
213.55299997329712, 0.0504, 149.99523589711495 
215.15399980545044, 0.0501, 149.7613606566017 
216.75099968910217, 0.0501, 149.50017065507518 
218.6729998588562, 0.0501, 149.26968551580856 
220.2739999294281, 0.0499, 149.01225803089122 
221.87499976158142, 0.0501, 148.7850725831878 
223.4760000705719, 0.0499, 148.55940964542077 
225.39699983596802, 0.0501, 148.3073351960018 
227.0019998550415, 0.0501, 148.08484526121228 
228.59499979019165, 0.0501, 147.86381989427235 
230.19199991226196, 0.0501, 147.6168947445956 
232.12400007247925, 0.0499, 147.3717756358047 
233.72399997711182, 0.0501, 147.12843810651339 
235.32399988174438, 0.0501, 146.91361433060325 
236.92400002479553, 0.0501, 146.67357695725252 
238.84800004959106, 0.0493, 146.4616496643905 
240.44799995422363, 0.0491, 146.22482999832124 
242.04800009727478, 0.0489, 145.9896814661161 
243.64999985694885, 0.0489, 145.75618222022692 
245.57099986076355, 0.0491, 145.52431082767583 
247.17199993133545, 0.0489, 145.29404625977804 
248.7649998664856, 0.0489, 145.06536788217744 
250.37099981307983, 0.0489, 144.83825544518461 
252.2920000553131, 0.0489, 144.6126890744096 
253.89299988746643, 0.0491, 144.38864926167008 
255.49300003051758, 0.0491, 144.16611685617536 
257.09099984169006, 0.0491, 143.94507305597043 
259.0199999809265, 0.0489, 143.701192285669 
260.61299991607666, 0.0487, 143.48323087433695 
262.22199988365173, 0.0481, 143.2667017150605 
263.8159999847412, 0.0481, 143.0515873553479 
265.74199986457825, 0.0481, 142.8142098917465 
267.34299969673157, 0.0481, 142.5785348562455 
268.9389998912811, 0.0481, 142.36786418573814 
270.54499983787537, 0.0481, 142.15853794831648 
272.1379997730255, 0.0483, 141.92751069536817 
274.06199979782104, 0.0483, 141.69810215688008 
275.66699981689453, 0.0481, 141.47029130288675 
277.260999917984, 0.0481, 141.26661049310687 
278.8609998226166, 0.0481, 141.0417787150068 
280.782999753952, 0.0476, 140.8184858430752 
282.3899998664856, 0.0473, 140.5967123402443 
283.9839999675751, 0.0473, 140.37643902965362 
285.9079999923706, 0.0473, 140.15764708597084 
287.51200008392334, 0.0473, 139.9619856228449 
289.1139998435974, 0.0473, 139.72443370535245 
290.71399974823, 0.0473, 139.5099763008254 
292.6309998035431, 0.0473, 139.296928312388 
294.2299997806549, 0.0473, 139.08527255085855 
295.8309998512268, 0.0473, 138.87499213160967 
297.4339997768402, 0.0473, 138.66607046751648 
299.0329999923706, 0.0473, 138.43780655788123 
300.9519999027252, 0.0473, 138.21114573508265 
302.5609998703003, 0.0473, 138.00646396510115 
304.16100001335144, 0.0473, 137.80307438185878 
305.76199984550476, 0.0469, 137.5808202465752 
307.67899990081787, 0.0467, 137.36009153608663 
309.2819998264313, 0.0467, 137.1607364301138 
310.878999710083, 0.0465, 136.94286623960215 
312.4800000190735, 0.0467, 136.74607844018752 
314.39799976348877, 0.0467, 136.53099841800196 
316.0019998550415, 0.0467, 136.31735343128418 
317.59999990463257, 0.0467, 136.10512570353535 
319.20899987220764, 0.0467, 135.89429777820763 
321.1289999485016, 0.0467, 135.70383630031526 
322.7299997806549, 0.0467, 135.4956333751223 
324.3309998512268, 0.0467, 135.2700428939805 
325.9229998588562, 0.0467, 135.0646457529372 
327.84999990463257, 0.0467, 134.8605656748428 
329.4519999027252, 0.046, 134.67616803112048 
331.0529999732971, 0.0459, 134.45629422887362 
332.64999985694885, 0.046, 134.2560722944936 
334.57099986076355, 0.046, 134.03908022731474 
336.17399978637695, 0.046, 133.84146761759445 
337.7739999294281, 0.046, 133.6450806027986 
339.3749997615814, 0.0459, 133.43222141746003 
341.29699993133545, 0.046, 133.23835164410474 
342.89799976348877, 0.046, 133.02820573837246 
344.4909996986389, 0.046, 132.83679358417263 
346.41299986839294, 0.0459, 132.62929704181795 
348.01200008392334, 0.046, 132.44028492625756 
349.6139998435974, 0.046, 132.23537600813256 
351.21399974823, 0.046, 132.03179334387443 
352.81899976730347, 0.0459, 131.84632734906887 
354.7339999675751, 0.046, 131.64524231960917 
356.3419997692108, 0.0459, 131.44543778941616 
357.9379999637604, 0.0459, 131.26339557010962 
359.5409998893738, 0.0456, 131.06600318759243 
361.4649999141693, 0.0452, 130.86984782095598 
363.0609998703003, 0.0452, 130.67491505786185 
364.6619999408722, 0.0453, 130.4811907301348 
366.26199984550476, 0.0452, 130.30465977240524 
368.18699979782104, 0.0452, 130.1132128772942 
369.7869997024536, 0.0452, 129.90713022722719 
371.38899993896484, 0.0453, 129.71810265614235 
372.98299980163574, 0.0452, 129.5302161576741 
374.9029998779297, 0.0452, 129.3589783220757 
376.5059998035431, 0.0452, 129.15781534054068 
378.106999874115, 0.0452, 128.97327602145504 
379.7079999446869, 0.0453, 128.77458928242567 
381.62800002098083, 0.0452, 128.60745857088233 
383.22899985313416, 0.0452, 128.41109594272902 
384.8309998512268, 0.0452, 128.23093708254197 
386.4279999732971, 0.0452, 128.03694190815713 
388.35199999809265, 0.0453, 127.85894380325979 
389.952999830246, 0.0445, 127.68196572566691 
391.55099987983704, 0.0445, 127.49137793403878 
393.1559998989105, 0.0445, 127.30196088505456 
395.0769999027252, 0.0445, 127.12814192347739 
396.6800000667572, 0.0445, 126.94093888678336 
398.2720000743866, 0.0447, 126.75486810112241 
399.8749997615814, 0.0445, 126.56991682261061 
401.79699993133545, 0.0445, 126.40017536686318 
403.396999835968, 0.0445, 126.21734193128307 
405.0, 0.0445, 126.03559193163778 
406.5979998111725, 0.0445, 125.85491341747672 
408.5189998149872, 0.0445, 125.68907410097214 
410.1199998855591, 0.0445, 125.5104232487944 
411.7229998111725, 0.0445, 125.33281003500008 
413.32499980926514, 0.0445, 125.14268183563777 
415.24399995803833, 0.0445, 124.98065181618719 
416.83899974823, 0.0444, 124.80608489578947 
418.44000005722046, 0.0439, 124.63251177583614 
420.04699969291687, 0.0439, 124.45992192044697 
421.96799993515015, 0.0439, 124.28830495631588 
423.56900000572205, 0.0445, 124.1176506694248 
425.164999961853, 0.0443, 123.96096938181748 
426.76399993896484, 0.0439, 123.77919004861403 
428.68699979782104, 0.0439, 123.61136405468538 
430.2889997959137, 0.0439, 123.44446141196437 
431.8899998664856, 0.0439, 123.27847265640527 
433.4909996986389, 0.0439, 123.11338846518692 
435.4079999923706, 0.0437, 122.93660657177915 
437.0079998970032, 0.0437, 122.77337190031815 
438.6139998435974, 0.0439, 122.61101396444647 
440.20899987220764, 0.0439, 122.44952398923813 
442.1349997520447, 0.0439, 122.28889332765084 
443.73099970817566, 0.0439, 122.11685769715716 
445.3309998512268, 0.0439, 121.9457983021588 
446.9319999217987, 0.0439, 121.7757048210327 
448.85599994659424, 0.0439, 121.61861687585096 
450.4560000896454, 0.0437, 121.46234500406267 
452.05599999427795, 0.0433, 121.29495580674688 
453.6569998264313, 0.0432, 121.12849417130552 
455.5769999027252, 0.0432, 120.974744823783 
457.17799973487854, 0.0432, 120.82177944228042 
458.77999997138977, 0.0431, 120.6579156892926 
460.3840000629425, 0.0431, 120.49494333375421 
462.29899978637695, 0.0431, 120.33285333663261 
463.9079999923706, 0.0431, 120.17163679237353 
465.5039999485016, 0.0431, 120.0227101405443 
467.10400009155273, 0.0431, 119.86315344532676 
469.02899980545044, 0.0432, 119.69314076965688 
470.6289999485016, 0.0432, 119.54657599745006 
472.22899985313416, 0.0432, 119.40072811707967 
473.8239998817444, 0.0432, 119.23332437349072 
475.7479999065399, 0.0432, 119.07792540463774 
477.3489999771118, 0.0432, 118.92333371462034 
478.9449999332428, 0.0431, 118.76954148213265 
480.5529999732971, 0.0432, 118.61654099625719 
482.4669997692108, 0.0432, 118.46432465442345 
484.07599997520447, 0.0431, 118.30209736214675 
485.6769998073578, 0.0432, 118.15148159087892 
487.2689998149872, 0.0429, 118.00162726951844 
489.19199991226196, 0.0425, 117.85252721650825 
490.7939999103546, 0.0425, 117.70417434898025 
492.40000009536743, 0.0424, 117.54604606029882 
493.9960000514984, 0.0424, 117.38875902055139 
495.9159998893738, 0.0425, 117.23230488150865 
497.521999835968, 0.0424, 117.09737865601676 
499.1159999370575, 0.0424, 116.94245734328167 
500.71799993515015, 0.0424, 116.7883456606908 
502.63899970054626, 0.0424, 116.63503571418676 
504.24399995803833, 0.0425, 116.48251972185358 
505.8309998512268, 0.0424, 116.34088101593623 
507.4429998397827, 0.0424, 116.19992109570146 
509.364000082016, 0.0424, 116.05963388913966 
510.9619998931885, 0.0424, 115.9100658670965 
512.5649998188019, 0.0424, 115.75136205932785 
514.1679999828339, 0.0424, 115.60335287041572 
516.0829997062683, 0.0425, 115.45608706753401 
517.6909997463226, 0.0424, 115.31930353511109 
519.2909998893738, 0.0421, 115.17345526869657 
520.8880000114441, 0.042, 115.02833021484108 
522.8049998283386, 0.0417, 114.88392167918161 
524.4059998989105, 0.0424, 114.7306682308785 
526.0099997520447, 0.0424, 114.5877196719371 
527.6109998226166, 0.0425, 114.44546765816709 
529.5299997329712, 0.0422, 114.31332195904648 
531.1299998760223, 0.042, 114.16302800263826 
532.7309997081757, 0.042, 114.01350521618855 
534.3369998931885, 0.0417, 113.87402141254086 
535.936999797821, 0.0417, 113.74443688673139 
537.8579998016357, 0.0417, 113.59704374593089 
539.4589998722076, 0.0417, 113.45039415998676 
541.0549998283386, 0.0417, 113.30448112534245 
542.6509997844696, 0.0417, 113.16835044960641 
544.5809998512268, 0.0418, 113.02384491067389 
546.175999879837, 0.0417, 112.8890218468753 
547.7799999713898, 0.0417, 112.75482307396825 
549.6929998397827, 0.0417, 112.61235974054335 
551.2999999523163, 0.0418, 112.46175676708145 
552.8979997634888, 0.0418, 112.3295197712051 
554.4960000514984, 0.0417, 112.18913045723073 
556.418999671936, 0.0417, 112.05813208197397 
558.0239999294281, 0.0417, 111.9190523775934 
559.6209998130798, 0.0417, 111.78063967039358 
561.220999956131, 0.0417, 111.63430031740528 
562.8239998817444, 0.0418, 111.5057914233278 
564.7409999370575, 0.0417, 111.37785320532706 
566.3450000286102, 0.0417, 111.24200944965497 
567.941999912262, 0.0417, 111.0983746514486 
569.5469996929169, 0.0418, 110.95545364837656 
571.4659998416901, 0.0417, 110.82158587556603 
573.069953918457, 0.0417, 110.696648904618 
574.6735360622406, 0.0417, 110.5639793648582 
576.2681202888489, 0.0417, 110.42368689442371 
578.193615436554, 0.0416, 110.284077437447 
579.789199590683, 0.0412, 110.15329866529038 
581.38978266716, 0.041, 110.02311429793383 
582.9893662929535, 0.041, 109.89351928581311 
584.9008655548096, 0.041, 109.75646476678493 
586.5084464550018, 0.041, 109.62006403984978 
588.1170275211334, 0.041, 109.48431127649124 
589.711612701416, 0.041, 109.36506293594184 
591.6281101703644, 0.041, 109.23841140871481 
593.2316927909851, 0.0409, 109.09659729156675 
594.8302762508392, 0.041, 108.96330630275341 
596.750773191452, 0.041, 108.83842294600552 
598.3533561229706, 0.0409, 108.71408479445466 
599.9569385051727, 0.041, 108.5825679143548 
601.5495238304138, 0.041, 108.4439742709537 
603.158105134964, 0.041, 108.31369769550247 
605.0796015262604, 0.041, 108.19162764990227 
606.6751863956451, 0.041, 108.07008002568986 
608.27476978302, 0.0409, 107.94150341766436 
609.8783524036407, 0.041, 107.80599565304452 
611.7938508987427, 0.041, 107.67860801556898 
613.3954339027405, 0.0409, 107.55923461982613 
615.0020151138306, 0.0405, 107.43294925005196 
616.5966002941132, 0.0404, 107.29984656122238 
618.5180976390839, 0.0404, 107.17471085314261 
620.1166820526123, 0.0404, 107.05743979985803 
621.719265460968, 0.0404, 106.93337019497017 
623.3138506412506, 0.0404, 106.80259366956795 
625.2393465042114, 0.0404, 106.67242016184791 
626.8389303684235, 0.0402, 106.55002752552343 
628.4395143985748, 0.0404, 106.42816380059864 
630.0430974960327, 0.0404, 106.31394785807015 
631.9605956077576, 0.0404, 106.18600603295376 
633.5561814308167, 0.0402, 106.0586429633244 
635.1627633571625, 0.0404, 105.93185375233989 
636.7633471488953, 0.0404, 105.81963007819793 
638.677845954895, 0.0404, 105.70088129471095 
640.2854278087616, 0.0404, 105.57569194899114 
641.8800127506256, 0.0402, 105.45105824223931 
643.4845960140228, 0.0404, 105.32697556090974 
645.4000945091248, 0.0404, 105.21028821079226 
647.0016779899597, 0.0404, 105.09408450161601 
648.6012623310089, 0.0404, 104.97156826379862 
650.2068450450897, 0.0404, 104.84282437864647 
652.1283423900604, 0.0402, 104.72140028348153 
653.7229282855988, 0.0402, 104.61390839637184 
655.3285112380981, 0.0402, 104.50014920609831 
656.9220979213715, 0.0398, 104.37355212365301 
658.8445956707001, 0.0398, 104.24752618247167 
660.4461793899536, 0.0396, 104.12865565795774 
662.0467631816864, 0.0396, 104.0234163950595 
663.6353509426117, 0.0397, 103.90549493518657 
665.5668468475342, 0.0397, 103.78156106643797 
667.1644320487976, 0.0397, 103.65817602025257 
668.764016866684, 0.0396, 103.54824035951216 
670.3676009178162, 0.0396, 103.43873719877897 
672.2801012992859, 0.0396, 103.31685921344396 
673.885684967041, 0.0396, 103.1955131037881 
675.4892690181732, 0.0396, 103.0873875565685 
677.0818560123444, 0.0396, 102.96703734028425 
679.0023548603058, 0.0396, 102.85350056666219 
680.6049389839172, 0.0397, 102.73415802301594 
682.2075233459473, 0.0397, 102.60908660541153 
683.8081085681915, 0.0397, 102.5032177810358 
685.7306063175201, 0.0396, 102.39156054850929 
687.3311915397644, 0.0396, 102.28035168816484 
688.9267778396606, 0.0396, 102.15117021468876 
690.5283625125885, 0.0396, 102.03480923961337 
692.4518599510193, 0.0397, 101.93111022997178 
694.0474462509155, 0.0396, 101.82173371533781 
695.6480314731598, 0.0396, 101.70071001540973 
697.243617773056, 0.0397, 101.58021447469099 
699.1631169319153, 0.0397, 101.46622898761402 
700.7687005996704, 0.0397, 101.3646397215897 
702.3722846508026, 0.0396, 101.2515400130508 
703.9638721942902, 0.0394, 101.13298705506011 
705.8873698711395, 0.0389, 101.01494221127322 
707.4919536113739, 0.0389, 100.90913291829276 
709.0935382843018, 0.0389, 100.80372895472517 
710.6761276721954, 0.0389, 100.68126607652754 
712.5986263751984, 0.0389, 100.56513982267613 
714.2082090377808, 0.0389, 100.45527267079919 
715.8147931098938, 0.0389, 100.35159191222462 
717.4133796691895, 0.0389, 100.24257433555746 
719.329879283905, 0.0389, 100.1225830988462 
720.9294648170471, 0.0389, 100.00879183364988 
722.5280504226685, 0.0389, 99.90678207607213 
724.1276359558105, 0.0389, 99.79951562403986 
726.0531330108643, 0.0389, 99.6870557067557 
727.6477203369141, 0.0389, 99.56946804480934 
729.2533044815063, 0.0389, 99.45794778775618 
731.1728093624115, 0.0389, 99.3579669980619 
732.7743942737579, 0.0389, 99.25282704385148 
734.375979423523, 0.0389, 99.14258887030587 
735.9725663661957, 0.0389, 99.0273158379847 
737.5721526145935, 0.0389, 98.917982851451 
739.489652633667, 0.0388, 98.8090863654689 
741.09223985672, 0.0389, 98.71145003670671 
742.689826965332, 0.0389, 98.60337393589953 
744.2994112968445, 0.0389, 98.49572496469375 
746.2129127979279, 0.0389, 98.37780065697575 
747.8174982070923, 0.0388, 98.27103840301274 
749.419084072113, 0.0385, 98.16469358397373 
751.0106730461121, 0.0382, 98.06404986883777 
752.9401702880859, 0.0382, 97.96377753317606 
754.5347580909729, 0.0382, 97.85862609614435 
756.1373453140259, 0.0382, 97.74865365840628 
757.7319331169128, 0.0382, 97.63392046809753 
759.6604318618774, 0.0382, 97.53003706144952 
761.2570199966431, 0.0382, 97.43171517721251 
762.854606628418, 0.0382, 97.33374874949638 
764.4571921825409, 0.0382, 97.23100755727891 
766.3816902637482, 0.0382, 97.12354727925569 
767.9812772274017, 0.0382, 97.01142566665582 
769.574865102768, 0.0382, 96.90989867393503 
771.1734523773193, 0.0382, 96.80875151441168 
773.0949523448944, 0.0382, 96.71301110671004 
774.6955392360687, 0.0382, 96.60758606653219 
776.2901277542114, 0.0382, 96.49758053445991 
777.894713640213, 0.0382, 96.392991904902 
779.8222146034241, 0.0382, 96.29871225917489 
781.4168040752411, 0.0382, 96.20476112339989 
783.0183913707733, 0.0382, 96.10130000999504 
784.6159806251526, 0.0382, 95.99333666905568 
786.534485578537, 0.0381, 95.89068299780155 
788.1360719203949, 0.0382, 95.79328025792319 
789.73965883255, 0.0382, 95.69622889289104 
791.3402462005615, 0.0382, 95.5947005262856 
793.2557504177094, 0.0381, 95.48874719843252 
794.8593363761902, 0.0382, 95.38799822719008 
796.4579236507416, 0.0381, 95.29239695205908 
798.0565104484558, 0.0382, 95.19713494475744 
799.9600536823273, 0.0382, 95.09747250369415 
801.5586848258972, 0.0381, 94.99345992703834 
803.1598136425018, 0.0382, 94.88984934801985 
805.0801181793213, 0.0378, 94.76791477830395 
806.9994194507599, 0.0377, 94.67449526381365 
808.9204697608948, 0.0376, 94.57210894028378 
810.5205969810486, 0.0376, 94.46548593357119 
812.1202249526978, 0.0376, 94.36850432318292 
813.720602273941, 0.0374, 94.28106117692 
815.640903711319, 0.0374, 94.18474521883168 
817.2407813072205, 0.0374, 94.0842138924836 
818.8411588668823, 0.0374, 93.98405966283448 
820.4415361881256, 0.0376, 93.88427987700163 
822.3618383407593, 0.0374, 93.79389370148184 
823.9622156620026, 0.0374, 93.7038128600689 
825.5608432292938, 0.0376, 93.60059485060337 
827.1622202396393, 0.0374, 93.50223735001697 
828.7620975971222, 0.0376, 93.40868830101766 
830.6873965263367, 0.0376, 93.31546684771892 
832.2865240573883, 0.0376, 93.2225708378713 
833.8871512413025, 0.0376, 93.12559794462672 
835.4872784614563, 0.0374, 93.02459395558809 
837.4073293209076, 0.0374, 92.9327069855683 
839.0069568157196, 0.0376, 92.8411367598571 
840.608583688736, 0.0376, 92.74988122977945 
842.2077112197876, 0.0376, 92.65029337439671 
844.1282615661621, 0.0376, 92.55107793743406 
845.733883857727, 0.0376, 92.46081296382093 
847.3374843597412, 0.0374, 92.37085430883793 
848.935085773468, 0.0376, 92.28120002178773 
850.854603767395, 0.0374, 92.1833541733682 
852.4671976566315, 0.0374, 92.08586859636254 
854.0687849521637, 0.0374, 91.99295634334591 
855.6643731594086, 0.0376, 91.90036928104043 
857.5858745574951, 0.0374, 91.8122921137296 
859.1894607543945, 0.0374, 91.72033450344273 
860.796046257019, 0.0376, 91.62869583257896 
862.7135484218597, 0.0376, 91.52908768374107 
864.3061382770538, 0.0376, 91.43810920124812 
865.9097244739532, 0.0376, 91.34744330521104 
867.5093126296997, 0.0374, 91.26118833090774 
869.4278147220612, 0.0374, 91.16704122886367 
871.0314013957977, 0.037, 91.07322922907767 
872.6369879245758, 0.0369, 90.97975009316343 
874.2327892780304, 0.037, 90.89064469325821 
875.8316161632538, 0.0369, 90.80183989233713 
877.7544074058533, 0.0369, 90.71333378692202 
879.3522343635559, 0.0369, 90.62112199967791 
880.9530613422394, 0.0369, 90.52524456504761 
882.5373930931091, 0.0369, 90.43766312479919 
884.4567332267761, 0.037, 90.35037269145957 
886.0590991973877, 0.0369, 90.26337144984225 
887.6584646701813, 0.037, 90.17272286236849 
889.2593305110931, 0.037, 90.07846572614841 
891.1806707382202, 0.0369, 89.98845271245631 
892.782036781311, 0.0369, 89.90264151720638 
894.3804025650024, 0.0369, 89.81711036854392 
895.9812686443329, 0.037, 89.72798900805853 
897.9021089076996, 0.0369, 89.63531504056228 
899.5034749507904, 0.0369, 89.54680930212922 
901.1013402938843, 0.037, 89.45477355066848 
902.7037062644958, 0.0369, 89.37069099320946 
904.6250464916229, 0.0368, 89.28307466374372 
906.2244126796722, 0.0369, 89.19954168944284 
907.8257784843445, 0.0369, 89.10871838715858 
909.4266440868378, 0.0369, 89.01820985276274 
911.3464846611023, 0.0369, 88.92801403818657 
912.9658343791962, 0.0369, 88.84560752427366 
914.5706608295441, 0.0369, 88.7597327157664 
916.1624884605408, 0.0369, 88.67413980107818 
918.0892794132233, 0.0369, 88.58512412068713 
919.6881065368652, 0.037, 88.4964115315081 
921.2899332046509, 0.0369, 88.40800009578601 
922.8857607841492, 0.037, 88.32355328619084 
924.8135516643524, 0.037, 88.2393796195432 
926.4123785495758, 0.037, 88.15547743664811 
928.01420545578, 0.037, 88.06821500008124 
929.609032869339, 0.037, 87.98124452581555 
931.5278248786926, 0.0369, 87.89456417942006 
933.1356508731842, 0.037, 87.80817214332288 
934.7304782867432, 0.037, 87.72923117775255 
936.3293056488037, 0.037, 87.64338671663828 
938.2500972747803, 0.0369, 87.55782535897197 
939.8519239425659, 0.0369, 87.47254535128063 
941.444751739502, 0.0369, 87.38400931533124 
943.0505783557892, 0.0369, 87.29929835216035 
944.978369474411, 0.0369, 87.21837613049067 
946.5741970539093, 0.0369, 87.13420430287833 
948.1790232658386, 0.037, 87.05379565936272 
949.7778506278992, 0.0369, 86.97015653994303 
951.6946430206299, 0.0369, 86.88678699891102 
953.3024687767029, 0.037, 86.80022862855361 
954.8972969055176, 0.0369, 86.71395917052062 
956.5001237392426, 0.037, 86.63141061804458 
958.4219150543213, 0.0369, 86.55254840383213 
960.0227422714233, 0.0369, 86.47051342381681 
961.6175696849823, 0.0369, 86.38873837817214 
963.2223961353302, 0.037, 86.30383077681492 
965.1421883106232, 0.0369, 86.2192018101357 
966.7410151958466, 0.037, 86.13484976047253 
968.3438422679901, 0.037, 86.05748898435878 
969.9396698474884, 0.0369, 85.97701162881282 
971.8664608001709, 0.0369, 85.89344764323826 
973.4602887630463, 0.0369, 85.81015405514741 
975.0631155967712, 0.037, 85.73044507454733 
976.6669421195984, 0.037, 85.64437151091221 
978.5857343673706, 0.0369, 85.56517392122863 
980.1805617809296, 0.037, 85.4862196091095 
981.7823889255524, 0.037, 85.40750717033993 
983.388215303421, 0.0369, 85.32577074599749 
985.300008058548, 0.0369, 85.24429370010441 
986.9028351306915, 0.0369, 85.16307448608825 
988.8236269950867, 0.0369, 85.05302737026618 
990.7474184036255, 0.0369, 84.97563039405543 
992.3502452373505, 0.0369, 84.89525626155412 
994.2700374126434, 0.0369, 84.81513343284269 
995.8708643913269, 0.0369, 84.73526043138342 
997.7926561832428, 0.0369, 84.63020812612645 
999.7074484825134, 0.0369, 84.55090910758787 
1001.3002767562866, 0.0369, 84.47185510444085 
1003.2350671291351, 0.037, 84.36473230566685 
1005.4728240966797, 0.0369, 84.28625091977398 
1007.0696513652802, 0.0369, 84.20488515080353 
1008.6764781475067, 0.0369, 84.1268924752206 
1010.2733056545258, 0.0369, 84.04913727419317 
1012.1950972080231, 0.0369, 83.97161818871041 
1013.7949244976044, 0.0369, 83.89124736267466 
1015.3947517871857, 0.0369, 83.8111289587145 
1016.9915792942047, 0.0369, 83.73432869058523 
1018.9123711585999, 0.0369, 83.63025028193451 
1021.1521279811859, 0.0369, 83.52659528270745 
1023.391884803772, 0.0369, 83.42336045813954 
1025.6366410255432, 0.0369, 83.32054260960183 
1027.8763978481293, 0.0369, 83.2181385740727 
1030.1141548156738, 0.037, 83.14010687583539 
1031.7179815769196, 0.0369, 83.06231395020929 
1033.3218083381653, 0.0369, 82.98475842379801 
1034.9156365394592, 0.0369, 82.9074389347677 
1036.8414280414581, 0.0369, 82.83035413271767 
1038.444254875183, 0.0369, 82.75645420494001 
1040.0380828380585, 0.0369, 82.67982587133045 
1041.638910293579, 0.0369, 82.60342829129434 
1043.5637016296387, 0.0369, 82.52726015850457 
1045.1595296859741, 0.0369, 82.448403947771 
1046.7623567581177, 0.0369, 82.37269953380661 
1048.3651838302612, 0.0369, 82.29722066378237 
1050.2839758396149, 0.0369, 82.21618651353032 
1052.1997685432434, 0.0369, 82.15846336309161 
1053.80459523201, 0.0369, 82.10087155886208 
1055.7223875522614, 0.0369, 81.98607974348232 
1057.6481788158417, 0.0369, 81.90032650944167 
1059.2420070171356, 0.0369, 81.81486317425092 
1061.1687982082367, 0.0369, 81.75804776202804 
1062.7616262435913, 0.0369, 81.67306350668198 
1064.682418346405, 0.0369, 81.58836427609768 
1066.606210231781, 0.0369, 81.53205558146631 
1068.2110369205475, 0.0369, 81.4478274074367 
1070.1238298416138, 0.037, 81.363879503415 
1071.7306563854218, 0.0369, 81.28021011634968 
1073.6504485607147, 0.037, 81.16908118225186 
1075.5712406635284, 0.0369, 81.11369996092388 
1077.1710681915283, 0.0369, 81.03085576592561 
1079.0898604393005, 0.0369, 80.97577733034096 
1080.688687801361, 0.0369, 80.89338497617668 
1082.6094801425934, 0.0369, 80.78394647697579 
1084.5352716445923, 0.0369, 80.70217894712906 
1086.1340992450714, 0.037, 80.62067647165019 
1088.0508913993835, 0.0369, 80.56648794212819 
1089.6537187099457, 0.037, 80.48542364139601 
1091.570511341095, 0.0369, 80.40462011938044 
1093.4923033714294, 0.0369, 80.35089520228013 
1095.0911309719086, 0.0369, 80.27052281325895 
1097.0149223804474, 0.037, 80.19040702778133 
1098.6147499084473, 0.0369, 80.11054630542795 
1100.52654337883, 0.0369, 80.00445947002008 
1102.4613337516785, 0.0369, 79.95158395593494 
1104.0611612796783, 0.0369, 79.87247931501128 
1105.98095369339, 0.037, 79.79362370933572 
1108.216710805893, 0.037, 79.6888677436328 
1110.4614672660828, 0.0369, 79.55853642470566 
1112.679764032364, 0.037, 79.50659343541112 
1114.2975935935974, 0.037, 79.42888070583673 
1116.2243852615356, 0.037, 79.35140882383554 
1118.1381783485413, 0.037, 79.27417638563149 
1119.743005514145, 0.037, 79.19718199942344 
1121.660798072815, 0.0369, 79.12042428525616 
1123.5825929641724, 0.0369, 79.01844645967441 
1125.812359571457, 0.0369, 78.94223567930855 
1127.7411510944366, 0.037, 78.89155755031122 
1129.6659433841705, 0.037, 78.79050925653753 
1131.5867352485657, 0.0372, 78.71499096500364 
1133.1865627765656, 0.0373, 78.63970087242753 
1135.1023557186127, 0.0372, 78.53966681824525 
1137.349112033844, 0.0373, 78.4400331018344 
1139.581869840622, 0.0374, 78.36556872360667 
1141.829626083374, 0.0373, 78.2666283729146 
1144.0643837451935, 0.0374, 78.19268060998199 
1146.3051409721375, 0.0376, 78.09442458002235 
1148.5498974323273, 0.0374, 77.99655559590248 
1150.7886545658112, 0.0374, 77.89907079194502 
1153.0254120826721, 0.0376, 77.8019673335131 
1155.272168636322, 0.0376, 77.70524241657064 
1157.5129256248474, 0.0374, 77.6088932672462 
1159.7496831417084, 0.0374, 77.53687635087863 
1161.9904403686523, 0.0376, 77.44117820947088 
1164.23419713974, 0.0376, 77.34584835962143 
1166.4739542007446, 0.0374, 77.27459105965093 
1168.7177109718323, 0.0376, 77.17989932559057 
1170.9564683437347, 0.0376, 77.08556862338293 
1173.1992499828339, 0.0376, 77.01505596609613 
1175.4351558685303, 0.0374, 76.89797999022403 
1177.6800618171692, 0.0376, 76.80471696460539 
1179.9049689769745, 0.0376, 76.71180478076171 
1182.1568744182587, 0.0374, 76.61924095718653 
1184.4007804393768, 0.0374, 76.55004522264353 
1186.6376869678497, 0.0374, 76.45808513546467 
1188.8845927715302, 0.0376, 76.38933942034046 
1191.1204993724823, 0.0376, 76.2979756835106 
1193.3644053936005, 0.0376, 76.20694945301803 
1195.6003119945526, 0.0374, 76.11625838438151 
1197.8482177257538, 0.0374, 76.02590015695407 
1200.0851242542267, 0.0374, 75.93587247360401 
1202.323030948639, 0.0376, 75.84617306040386 
1204.5659368038177, 0.0376, 75.75679966631958 
1206.80384349823, 0.0376, 75.66775006291067 
1209.052749633789, 0.0376, 75.57902204403018 
1211.2866559028625, 0.0374, 75.51268575499637 
1213.5345621109009, 0.0376, 75.4245152665105 
1215.7674689292908, 0.0374, 75.33666040822575 
1218.0123751163483, 0.0374, 75.24911905502663 
1220.2482817173004, 0.0374, 75.16188910274018 
1222.4981889724731, 0.0374, 75.07496846786619 
1224.7340958118439, 0.0376, 74.98835508731004 
1226.9730024337769, 0.0374, 74.9020469181192 
1229.217908859253, 0.0376, 74.83751486844226 
1231.1398315429688, 0.0374, 74.77315251555677 
1233.0557544231415, 0.0376, 74.70895901938923 
1234.65669298172, 0.0376, 74.6449335459594 
1236.5786154270172, 0.0376, 74.5598261866029 
1238.5025379657745, 0.0376, 74.47501411708811 
1240.4164609909058, 0.0376, 74.39049541003179 
1242.3443834781647, 0.0374, 74.327297749805 
1244.261305809021, 0.0376, 74.2852566607139 
1245.858244419098, 0.0376, 74.22233046561846 
1247.783166885376, 0.0374, 74.13868046466006 
1249.7020900249481, 0.0376, 74.07613064382049 
1251.6230127811432, 0.0376, 73.99297964690963 
1253.8689196109772, 0.0376, 73.91011128040769 
1256.106826543808, 0.0376, 73.80692051937278 
1258.3497338294983, 0.0374, 73.72468148857044 
1260.5876410007477, 0.0376, 73.64271927552977 
1262.828548192978, 0.0376, 73.56103212704689 
1265.069459438324, 0.0374, 73.49994623131357 
1267.315366268158, 0.0374, 73.41873627594987 
1269.5542736053467, 0.0376, 73.33779664706876 
1271.7871811389923, 0.0374, 73.25712565142199 
1273.7161033153534, 0.0376, 73.19679768541471 
1275.6370265483856, 0.0376, 73.11659277015097 
1277.868934392929, 0.0376, 73.03665191120129 
1280.1148414611816, 0.0376, 72.95697347259508 
1282.3557486534119, 0.0374, 72.8775558332069 
1284.5906555652618, 0.0376, 72.79839738657405 
1286.8345625400543, 0.0374, 72.71949654072607 
1289.0804693698883, 0.0376, 72.64085171801081 
1291.3163771629333, 0.0374, 72.5820351750825 
1292.9203159809113, 0.0374, 72.52336111097642 
1294.8432388305664, 0.0376, 72.42588586014008 
1296.7591624259949, 0.0374, 72.36758857332957 
1298.676085948944, 0.0376, 72.29007670676073 
1300.6040089130402, 0.0376, 72.23210537239076 
1302.520932674408, 0.0376, 72.15502581867231 
1304.7648394107819, 0.0374, 72.05902073306844 
1307.0077464580536, 0.0376, 71.9824903653871 
1309.246654033661, 0.0376, 71.9062017159011 
1311.486561536789, 0.0374, 71.83015334753965 
1313.7234690189362, 0.0376, 71.75434383574633 
1315.9653770923615, 0.0376, 71.67877176833291 
1318.207284450531, 0.0376, 71.60343574534072 
1320.4461917877197, 0.0374, 71.52833437890098 
1322.6910989284515, 0.0376, 71.45346629309671 
1324.9320063591003, 0.0374, 71.37883012382883 
1327.1649143695831, 0.0374, 71.30442451868028 
1329.4058220386505, 0.0376, 71.2302481367873 
1331.6547288894653, 0.0376, 71.13784798037854 
1333.8876368999481, 0.0374, 71.06418250723064 
1336.130544424057, 0.0374, 70.97241684104534 
1338.3694524765015, 0.0376, 70.89925567387884 
1340.6123604774475, 0.0374, 70.82631655599528 
1342.8502688407898, 0.0374, 70.75359821853279 
1345.100176334381, 0.0376, 70.68109940325279 
1347.333084821701, 0.0376, 70.60881886242127 
1349.57799243927, 0.0374, 70.53675535869165 
1351.818900346756, 0.0374, 70.46490766499325 
1354.055808544159, 0.0374, 70.39327456442032 
1356.293716430664, 0.0376, 70.30403312266611 
1358.5386245250702, 0.0374, 70.23287845919961 
1360.777532339096, 0.0376, 70.14423129873992 
1363.0194404125214, 0.0376, 70.05591107629229 
1365.2573487758636, 0.0374, 69.98548876810644 
1367.503256559372, 0.0376, 69.91527309646902 
1369.7431643009186, 0.0374, 69.84526291959571 
1371.9850723743439, 0.0374, 69.79288946124007 
1374.2279806137085, 0.0374, 69.7232361805303 
1376.4608891010284, 0.0374, 69.63645407777214 
1378.7087965011597, 0.0376, 69.56725464550505 
1380.946704864502, 0.0376, 69.49825513578052 
1383.1826133728027, 0.0374, 69.4294544608217 
1385.425521850586, 0.0374, 69.34373158538601 
1387.6644306182861, 0.0374, 69.25831561500792 
1389.909338235855, 0.0374, 69.1902024198853 
1392.1432473659515, 0.0376, 69.10533368068013 
1394.3921554088593, 0.0376, 69.03765562537562 
1396.633064031601, 0.0376, 68.95332753488209 
1398.8699724674225, 0.0376, 68.8860793999722 
1401.1078808307648, 0.0374, 68.81902068941805 
1403.352789402008, 0.0376, 68.7521503982103 
1405.5896980762482, 0.0376, 68.66882598047557 
1407.8326065540314, 0.0376, 68.6023759985689 
1410.077514886856, 0.0374, 68.53611122327435 
1412.3164234161377, 0.0374, 68.47003068224303 
1414.55433177948, 0.0376, 68.40413341060624 
1416.7972404956818, 0.0374, 68.33841845089988 
1419.0331494808197, 0.0374, 68.25652968064463 
1421.280057668686, 0.0374, 68.19122145990805 
1423.518965959549, 0.0376, 68.10983814612416 
1425.7588744163513, 0.0374, 68.02873310316829 
1427.9967830181122, 0.0374, 67.96404821943155 
1430.2446913719177, 0.0376, 67.8834395610753 
1432.4826004505157, 0.0374, 67.81914949250877 
1434.725508928299, 0.0374, 67.75503343990087 
1436.9604179859161, 0.0376, 67.69109051587674 
1439.199326992035, 0.0376, 67.62731983969533 
1441.4482355117798, 0.0374, 67.56372053718074 
1443.685144662857, 0.0374, 67.48446108202448 
1445.9240534305573, 0.0374, 67.42124420763307 
1448.1659619808197, 0.0374, 67.34246007690233 
1450.4068710803986, 0.0374, 67.26393769573878 
1452.6507799625397, 0.0374, 67.18567542660386 
1454.8846888542175, 0.0374, 67.12325180111539 
1457.1265978813171, 0.0374, 67.04545365481894 
1459.35750746727, 0.0376, 66.98339925035037 
1461.6114161014557, 0.0376, 66.90606005583328 
1463.847324848175, 0.0376, 66.84437076940627 
1466.0902338027954, 0.0374, 66.78284245814164 
1468.3301429748535, 0.0376, 66.72147433051468 
1470.5690519809723, 0.0376, 66.66026560070888 
1472.8119616508484, 0.0376, 66.59921548855556 
1475.055907011032, 0.0376, 66.52312472495863 
1477.2898526191711, 0.0376, 66.4624286789451 
1479.5327982902527, 0.0374, 66.38677807707244 
1481.7747435569763, 0.0374, 66.31136993717044 
1484.0206887722015, 0.0374, 66.23620279563862 
1486.2556347846985, 0.0376, 66.16127520181907 
1488.4995799064636, 0.0376, 66.08658571784916 
1490.740525484085, 0.0374, 66.02700461159681 
1492.9774708747864, 0.0376, 65.96757425932296 
1495.2224164009094, 0.0374, 65.90829394215352 
1497.4603621959686, 0.0376, 65.84916294624041 
1499.6933081150055, 0.0374, 65.79018056271414 
1501.9392535686493, 0.0374, 65.73134608763972 
1504.1871988773346, 0.0376, 65.65800992556332 
1506.4251446723938, 0.0376, 65.57030824434804 
1508.6650903224945, 0.0376, 65.49747336329801 
1510.906035900116, 0.0376, 65.42486420323378 
1513.142982006073, 0.0374, 65.36693850838235 
1515.3879277706146, 0.0374, 65.30915576189555 
1517.628873348236, 0.0374, 65.2371273374069 
1519.8718194961548, 0.0374, 65.17966380056002 
1522.113765001297, 0.0374, 65.1223410676298 
1524.3577110767365, 0.0374, 65.06515848829277 
1526.5946571826935, 0.0376, 64.99387637150929 
1528.8346033096313, 0.0374, 64.93700678275722 
1531.0725491046906, 0.0374, 64.86611388396811 
1533.313494682312, 0.0376, 64.80955406520548 
1535.5564408302307, 0.0376, 64.7390463890992 
1537.8003869056702, 0.0374, 64.68279316819081 
1540.0413329601288, 0.0374, 64.61266677942842 
1541.9562888145447, 0.0376, 64.55671703173917 
1543.8792443275452, 0.0376, 64.50090117028009 
1546.1151902675629, 0.0376, 64.43131870123833 
1548.3561363220215, 0.0374, 64.36194331515946 
1550.5990824699402, 0.0374, 64.29277385082916 
1552.8440282344818, 0.0374, 64.2238091565767 
1555.079974412918, 0.0374, 64.15504809017119 
1557.3229203224182, 0.0374, 64.10018508747996 
1559.5688662528992, 0.0374, 64.0317877025191 
1561.806812286377, 0.0374, 63.96359079651553 
1564.0467584133148, 0.0374, 63.909176872170846 
1566.283704996109, 0.0374, 63.854889982739266 
1568.5246510505676, 0.037, 63.80072956906979 
1570.7675969600677, 0.0372, 63.74669507562149 
1573.0135428905487, 0.0374, 63.67932819357746 
1575.253488779068, 0.0372, 63.62557500791175 
1577.495434999466, 0.0372, 63.55855803325332 
1579.7313811779022, 0.037, 63.49173397155123 
1581.9783272743225, 0.0372, 63.43841291599466 
1584.2102737426758, 0.037, 63.37193346604519 
1586.4532198905945, 0.0369, 63.305644019779976 
1588.6931660175323, 0.0369, 63.252748577415616 
1590.9361124038696, 0.0369, 63.18679856421406 
1593.176058769226, 0.0369, 63.13417335588498 
1595.4160051345825, 0.037, 63.068559506763776 
1597.6599514484406, 0.0369, 63.00313101992896 
1599.8998975753784, 0.0369, 62.92486012488787 
1602.1388437747955, 0.0369, 62.8598359719215 
1604.3797903060913, 0.0369, 62.79499405006209 
1606.6227366924286, 0.0369, 62.743251071879286 
1608.864682674408, 0.0369, 62.67873474536964 
1611.1006295681, 0.0369, 62.6272510088386 
1613.3425760269165, 0.0369, 62.56305720222862 
1615.5885224342346, 0.0369, 62.511830264069914 
1617.824469089508, 0.0369, 62.46071668309351 
1620.0694150924683, 0.037, 62.39698339503778 
1622.3103618621826, 0.0369, 62.346123142572296 
1624.5493083000183, 0.0369, 62.28270503401605 
1626.7952547073364, 0.0369, 62.232095748065774 
1629.0282018184662, 0.0369, 62.16898988674046 
1631.2761478424072, 0.0369, 62.09349010332694 
1633.5140945911407, 0.0369, 62.01823678498302 
1635.7560410499573, 0.0369, 61.955712864215926 
1637.9999873638153, 0.0369, 61.90581561713239 
1640.2339341640472, 0.0369, 61.8560262368095 
1642.476880311966, 0.0369, 61.793940529299235 
1644.7188267707825, 0.0369, 61.74439224521929 
1646.9537732601166, 0.0369, 61.6949504081756 
1649.1967196464539, 0.037, 61.63329714618011 
1651.4406661987305, 0.037, 61.58409324187775 
1653.6836123466492, 0.037, 61.5227360449081 
1655.9195592403412, 0.037, 61.449322921796096 
1658.1645052433014, 0.0369, 61.388323952645436 
1660.4004521369934, 0.0369, 61.32748651070271 
1662.6443982124329, 0.0369, 61.266809789573884 
1664.881344795227, 0.0369, 61.206292988769505 
1667.123291015625, 0.0369, 61.14593531364525 
1669.3692376613617, 0.0369, 61.09776321373138 
1671.6091842651367, 0.0369, 61.037689980772186 
1673.8521311283112, 0.0369, 60.977773679113014 
1676.0920774936676, 0.0369, 60.929953108720866 
1678.3280246257782, 0.0369, 60.88223208640471 
1680.5689709186554, 0.0369, 60.822720202695905 
1682.8169176578522, 0.0369, 60.77522173775343 
1685.049864768982, 0.037, 60.71598682605884 
1687.2978112697601, 0.0369, 60.66870896505944 
1689.5357580184937, 0.0369, 60.60974859933992 
1691.7777047157288, 0.037, 60.5509397223442 
1694.0196514129639, 0.037, 60.49228160016685 
1696.2585978507996, 0.0369, 60.42208982428153 
1698.4955446720123, 0.0369, 60.36376080498057 
1700.740490913391, 0.037, 60.30558022679989 
1702.981437921524, 0.0369, 60.24754737740653 
1705.2253847122192, 0.0369, 60.18966154948184 
1707.4573316574097, 0.0369, 60.14345827045287 
1709.7062783241272, 0.0369, 60.09734827822888 
1711.941225528717, 0.037, 60.0398414313766 
1714.188172340393, 0.0369, 59.99394003829498 
1716.4211194515228, 0.0369, 59.93669282676731 
1718.6660661697388, 0.037, 59.87958890185257 
1720.9070131778717, 0.0369, 59.82262758723677 
1723.1459600925446, 0.0369, 59.76580821128769 
1725.3829073905945, 0.0369, 59.72045445799361 
1727.6278541088104, 0.0369, 59.66388889391034 
1729.8688011169434, 0.0369, 59.607463412467254 
1732.1067478656769, 0.0369, 59.55117735943652 
1734.3556945323944, 0.0369, 59.49503008507122 
1736.5916419029236, 0.0369, 59.450211752426014 
1738.834588766098, 0.0369, 59.39431265644744 
1741.0705358982086, 0.0369, 59.338550543342635 
1743.3104827404022, 0.037, 59.282924780028296 
1745.5574297904968, 0.0369, 59.227434737712684 
1747.4773862361908, 0.0369, 59.18314000314814 
1749.392343044281, 0.037, 59.1168593221399 
1751.6362898349762, 0.0369, 59.06177271241425 
1753.8812367916107, 0.0369, 58.995844614517296 
1756.1171839237213, 0.0369, 58.94105034828968 
1758.3601307868958, 0.0369, 58.886387998032006 
1760.5990781784058, 0.0369, 58.83185696474591 
1762.841025352478, 0.037, 58.78832628635614 
1765.0809724330902, 0.037, 58.734030126851465 
1767.318919658661, 0.0369, 58.69068658317295 
1769.567866563797, 0.0369, 58.647425723169974 
1771.802814245224, 0.037, 58.59346546880316 
1774.0477735996246, 0.0369, 58.550389561231796 
1776.2837386131287, 0.037, 58.49665956414107 
1778.5297033786774, 0.0369, 58.443056686891225 
1780.7726681232452, 0.0369, 58.38958036218679 
1783.0136330127716, 0.0369, 58.32557502863773 
1785.250598192215, 0.0369, 58.26175015251222 
1787.492563009262, 0.0369, 58.20869991283409 
1789.7295277118683, 0.0369, 58.14520338914433 
1791.9684927463531, 0.0369, 58.09242544721823 
1794.2164573669434, 0.037, 58.05029160767792 
1796.4524223804474, 0.0369, 57.997734496978396 
1798.6913874149323, 0.0369, 57.945299317089535 
1800.939352273941, 0.0369, 57.903438604655435 
1803.1763172149658, 0.0369, 57.85122155780968 
1805.4202823638916, 0.037, 57.799124956255866 
1807.6582472324371, 0.0369, 57.75753404331469 
1809.9002122879028, 0.037, 57.70565292480474 
1812.1281774044037, 0.037, 57.66423372483675 
1814.3811421394348, 0.0369, 57.6125664107164 
1816.6231071949005, 0.0369, 57.561017158530646 
1818.8640720844269, 0.037, 57.50958545933864 
1821.102037191391, 0.0369, 57.45827080741748 
1823.3440022468567, 0.0369, 57.407072700237705 
1825.5809671878815, 0.0369, 57.35599063843321 
1827.823932170868, 0.037, 57.3050241257787 
1830.0658972263336, 0.0369, 57.254172669159885 
1832.3068623542786, 0.0369, 57.203435778551835 
1834.542827129364, 0.037, 57.15281296698933 
1836.7827923297882, 0.0369, 57.102303750546085 
1839.0297574996948, 0.0369, 57.05190764830586 
1841.2727224826813, 0.037, 57.00162418233923 
1843.5086874961853, 0.037, 56.951452877681675 
1845.7476527690887, 0.0369, 56.89139470061009 
1847.9936180114746, 0.037, 56.84146849339466 
1850.2295830249786, 0.0369, 56.78170307654116 
1852.4735481739044, 0.0369, 56.72209621254429 
1854.7125134468079, 0.0369, 56.682445996128465 
1856.9574782848358, 0.0368, 56.63298146935324 
1859.19744348526, 0.0369, 56.58362567889846 
1861.434408903122, 0.0369, 56.544219033512675 
1863.6713740825653, 0.0369, 56.495057833731295 
1865.9133393764496, 0.0369, 56.44600411433878 
1868.1593043804169, 0.037, 56.40683822666307 
1870.3972697257996, 0.037, 56.36774061684841 
1872.6382348537445, 0.037, 56.29948341808553 
1874.881199836731, 0.0369, 56.241142220800384 
1877.1261649131775, 0.0368, 56.19264031230648 
1879.3591303825378, 0.0368, 56.153914243476095 
1881.6020956039429, 0.0368, 56.115255011291694 
1883.842060804367, 0.0366, 56.06702462846452 
1886.088026046753, 0.0366, 56.02851498417019 
1888.3239915370941, 0.0366, 55.97087444961147 
1890.5629568099976, 0.0366, 55.913381991291544 
1892.8029220104218, 0.0364, 55.846493651489595 
1895.0508871078491, 0.0362, 55.808361360135294 
1897.2768530845642, 0.0362, 55.77029398262435 
1899.5348176956177, 0.0362, 55.741785923672 
1901.7687833309174, 0.0365, 55.68487864552324 
1904.0107488632202, 0.0362, 55.61866945354413 
1906.2577142715454, 0.0362, 55.56207446827794 
1908.498679637909, 0.0368, 55.515021279791384 
1910.7386450767517, 0.0366, 55.47744998580643 
1912.969610452652, 0.0362, 55.43994181323629 
1915.2195756435394, 0.0362, 55.402496561878394 
1917.451541185379, 0.0362, 55.35577817714878 
1919.701506614685, 0.0362, 55.29984493459533 
1921.9434719085693, 0.0362, 55.234766259502024 
1924.1844372749329, 0.0362, 55.1883974962615 
1926.4234027862549, 0.0362, 55.142124973622586 
1928.6573686599731, 0.0362, 55.10517599533834 
1930.901333808899, 0.0362, 55.07750440877443 
1933.142299413681, 0.0362, 55.02226412175895 
1935.3802649974823, 0.0362, 54.97633495937119 
1937.625230550766, 0.0362, 54.92134470424551 
1939.8641958236694, 0.0362, 54.85736059530221 
1942.105161190033, 0.0362, 54.811770007382506 
1944.3431267738342, 0.0362, 54.77536466721645 
1946.5900921821594, 0.0362, 54.739018798636124 
1948.834058046341, 0.0362, 54.70273221821172 
1951.0720238685608, 0.0362, 54.65745708855208 
1953.3129892349243, 0.0362, 54.59422638401402 
1955.548954963684, 0.0362, 54.540171420625825 
1957.7919204235077, 0.0362, 54.49522583630994 
1960.031886100769, 0.0362, 54.45933471594874 
1962.2718517780304, 0.0362, 54.43245437851333 
1964.5118172168732, 0.0362, 54.37879110287287 
1966.758782863617, 0.0362, 54.31634741885841 
1968.9917488098145, 0.0362, 54.26296370648156 
1971.2407145500183, 0.0362, 54.21857516006283 
1973.4776804447174, 0.0362, 54.18312814826301 
1975.714646100998, 0.0362, 54.147737684691435 
1977.9636116027832, 0.0362, 54.112403599010804 
1980.2005774974823, 0.0362, 54.06831501504324 
1982.432543516159, 0.0362, 54.006737917230936 
1984.6795089244843, 0.0362, 53.94533141341708 
1986.920474767685, 0.0362, 53.90157357619138 
1989.1584405899048, 0.0362, 53.857901998999026 
1991.4004063606262, 0.0364, 53.82302662871203 
1993.6443719863892, 0.0362, 53.788206095853 
1995.8863377571106, 0.0362, 53.75344023760388 
1998.122303724289, 0.0364, 53.71005955406605 
2000.3672692775726, 0.0362, 53.65811472242295 
2002.6112353801727, 0.0364, 53.60629154917969 
2004.850201368332, 0.0362, 53.545984225973186 
2007.093167066574, 0.0362, 53.5030080306765 
2009.331132888794, 0.0362, 53.46868711697674 
2011.5740985870361, 0.0362, 53.44298135381854 
2013.4970705509186, 0.0362, 53.40875344078549 
2015.412043094635, 0.0364, 53.357510765842946 
2017.6530089378357, 0.0362, 53.30638666148273 
2019.8969745635986, 0.0362, 53.25538060995477 
2022.1269409656525, 0.0362, 53.20449209682509 
2024.3769068717957, 0.0362, 53.162174419964686 
2026.6228728294373, 0.0362, 53.12837859439472 
2028.8648388385773, 0.0364, 53.09463444282399 
2031.1028048992157, 0.0362, 53.060941816045016 
2033.3417708873749, 0.0362, 53.01889826302548 
2035.5827367305756, 0.0364, 52.96855155638265 
2037.8237025737762, 0.0362, 52.90995864589995 
2040.0706679821014, 0.0362, 52.85985979966277 
2042.3026342391968, 0.0362, 52.81819757511177 
2044.5446000099182, 0.0362, 52.78492441632338 
2046.787565946579, 0.0362, 52.75170143169497 
2049.027531862259, 0.0362, 52.71852847834013 
2051.266497850418, 0.0362, 52.677132426410964 
2053.5064635276794, 0.0362, 52.63581404945609 
2055.757431268692, 0.0362, 52.586334140746956 
2057.994397163391, 0.0362, 52.53696521507476 
2060.235362768173, 0.0364, 52.47950777871954 
2062.474328994751, 0.0362, 52.430377708432104 
2064.71329498291, 0.0362, 52.39768519298141 
2066.9572608470917, 0.0362, 52.36504120983598 
2069.201226711273, 0.0362, 52.34058998992742 
2071.439192533493, 0.0362, 52.291768990107556 
2073.6771676540375, 0.0362, 52.24305619769122 
2075.9221506118774, 0.0362, 52.17827334844719 
2078.1631333827972, 0.0362, 52.13788087269718 
2080.4041163921356, 0.0362, 52.11368099819359 
2082.6320996284485, 0.0362, 52.08950776393678 
2084.8810822963715, 0.0362, 52.03320684070739 
2087.127065181732, 0.0362, 51.977049957192634 
2089.3700482845306, 0.0362, 51.929029602252996 
2091.611031293869, 0.0362, 51.90505878155287 
2093.851014137268, 0.0362, 51.87313838003219 
2096.0909972190857, 0.0361, 51.84126436734415 
2098.3289802074432, 0.0357, 51.79354004897597 
2100.571963071823, 0.0362, 51.730068801269894 
2102.799946308136, 0.0362, 51.682585697701654 
2105.050929069519, 0.0357, 51.65888267462512 
2107.293911933899, 0.0356, 51.635205267350614 
2109.5368950366974, 0.0356, 51.5879270911491 
2111.7808780670166, 0.0356, 51.53289790120445 
2114.0148611068726, 0.0356, 51.47800666644345 
2116.2538442611694, 0.0356, 51.45452392083382 
2118.49782705307, 0.0356, 51.4310663428884 
2120.7448098659515, 0.0356, 51.38422648627807 
2122.978793144226, 0.0354, 51.33748669070465 
2125.2227759361267, 0.0356, 51.28308285705978 
2127.4667592048645, 0.0356, 51.23655847936051 
2129.707742214203, 0.0356, 51.20559713619771 
2131.9417254924774, 0.0356, 51.19013289311994 
2134.187708377838, 0.0356, 51.1438057023374 
2136.4296913146973, 0.0354, 51.0821884941427 
2138.6706743240356, 0.0354, 51.0360893658128 
2140.9076573848724, 0.0356, 51.00541057756922 
2143.1396408081055, 0.0356, 50.982429736018034 
2145.39662361145, 0.0354, 50.95182618860527 
2147.638606786728, 0.0356, 50.89837299202411 
2149.8765897750854, 0.0356, 50.845050381648235 
2152.1215727329254, 0.0354, 50.79944876651187 
2154.3595559597015, 0.0356, 50.761520098915284 
2156.5995392799377, 0.0356, 50.723657271157364 
2158.836522102356, 0.0356, 50.69341426856198 
2161.0805053710938, 0.0356, 50.66321315528627 
2163.327488183975, 0.0356, 50.63305382172784 
2165.5594716072083, 0.0354, 50.59541324121683 
2167.8004546165466, 0.0356, 50.55033019124346 
2170.0404376983643, 0.0356, 50.49785092710066 
2172.287420988083, 0.0356, 50.445497790323344 
2174.5284039974213, 0.0356, 50.40817959639578 
2176.7733869552612, 0.0356, 50.37837102419209 
2179.014370203018, 0.0356, 50.34860321119034 
2181.2523531913757, 0.0356, 50.31145060220888 
2183.4853365421295, 0.0356, 50.281774113073695 
2185.7293195724487, 0.0356, 50.24473532795302 
2187.9783029556274, 0.0356, 50.20775949372627 
2189.8982894420624, 0.0356, 50.17822401517299 
2191.8162755966187, 0.0356, 50.13399587067313 
2194.0572588443756, 0.0356, 50.082509817206045 
2196.2952420711517, 0.0356, 50.03114541897612 
2198.53822517395, 0.0356, 49.99453074520929 
2200.780208349228, 0.0356, 49.9652833643552 
2203.0201914310455, 0.0354, 49.936075304352514 
2205.2611746788025, 0.0356, 49.906906465331645 
2207.5041580200195, 0.0356, 49.87050041951798 
2209.7481410503387, 0.0356, 49.83415530753395 
2211.986124277115, 0.0356, 49.790621334666795 
2214.230107307434, 0.0356, 49.73994180704415 
2216.463090658188, 0.0356, 49.696596213310954 
2218.7060737609863, 0.0356, 49.65333704464513 
2220.947057247162, 0.0354, 49.61735352178485 
2223.1950402259827, 0.0356, 49.58860962740924 
2225.434023618698, 0.0356, 49.559903784122056 
2227.6740067005157, 0.0356, 49.52407484440717 
2229.910989999771, 0.0356, 49.48830502574198 
2232.1499733924866, 0.0354, 49.459731614116876 
2234.394956588745, 0.0356, 49.42406774958279 
2236.6329398155212, 0.0356, 49.381348457695694 
2238.8819229602814, 0.0356, 49.33871324610867 
2241.1139063835144, 0.0356, 49.296161802345296 
2243.3628895282745, 0.0354, 49.246623910003564 
2245.598872900009, 0.0353, 49.2042528993333 
2247.8388562202454, 0.0353, 49.16900697874398 
2250.080839395523, 0.0353, 49.1338183739914 
2252.324822664261, 0.035, 49.10570863926225 
2254.5608060359955, 0.0352, 49.077635384213636 
2256.807789325714, 0.0349, 49.04959851939873 
2259.0477726459503, 0.0349, 49.01460347640186 
2261.282756090164, 0.0348, 48.97966498054596 
2263.5297391414642, 0.0349, 48.937813184793384 
2265.765722513199, 0.0348, 48.896042271672314 
2268.0067059993744, 0.0349, 48.84741137265607 
2270.24568939209, 0.0349, 48.805814694746005 
2272.4956724643707, 0.0348, 48.76429797016853 
2274.7316558361053, 0.0349, 48.729761565739054 
2276.9716391563416, 0.0349, 48.702172161411866 
2279.2156224250793, 0.0349, 48.68150322175673 
2281.4556057453156, 0.0349, 48.647098908709864 
2283.692589044571, 0.0349, 48.60588599700486 
2285.934572458267, 0.0348, 48.557903544135854 
2288.1765558719635, 0.0348, 48.51002757799979 
2290.4195392131805, 0.0348, 48.475895408039335 
2292.6635222434998, 0.0349, 48.441817178622685 
2294.9045057296753, 0.0348, 48.414593324048596 
2297.14048910141, 0.0348, 48.39419797109554 
2299.3774724006653, 0.0349, 48.36024854334573 
2301.6254558563232, 0.0349, 48.319579698702796 
2303.8624391555786, 0.0349, 48.27222952844632 
2306.101422548294, 0.0348, 48.22498320870706 
2308.345405817032, 0.0349, 48.19129918110528 
2310.5903894901276, 0.0348, 48.16438984540089 
2312.8313727378845, 0.0349, 48.14422989181193 
2315.0663561820984, 0.0349, 48.11067186665041 
2317.310339450836, 0.0349, 48.06377835718469 
2319.54932308197, 0.0349, 48.016986813567726 
2321.787306547165, 0.0349, 47.97696061529345 
2324.02929019928, 0.0349, 47.937008760979936 
2326.276273727417, 0.0349, 47.91041536480098 
2328.51025724411, 0.0349, 47.88385481751418 
2330.753240585327, 0.0349, 47.85732704244653 
2332.9922239780426, 0.0348, 47.83745267193905 
2335.2412073612213, 0.0348, 47.797758976613395 
2337.4751908779144, 0.0348, 47.75154214008441 
2339.7201743125916, 0.0349, 47.705424506560405 
2341.959157705307, 0.0349, 47.66597375906919 
2344.2011415958405, 0.0348, 47.62659534821478 
2346.4411249160767, 0.0348, 47.59383508222625 
2348.686108112335, 0.0349, 47.56766281550314 
2350.9290919303894, 0.0349, 47.54152242109471 
2353.1650755405426, 0.0348, 47.508891636813146 
2355.411058664322, 0.0349, 47.48282268732042 
2357.6490421295166, 0.0348, 47.450280978448546 
2359.895025730133, 0.0348, 47.41778855741332 
2362.1300094127655, 0.0349, 47.37886251358333 
2364.3729927539825, 0.0349, 47.340006998604494 
2366.6109762191772, 0.0348, 47.294764383167106 
2368.850959777832, 0.0349, 47.25606085433007 
2371.0909430980682, 0.0348, 47.217427094198314 
2373.313937187195, 0.0349, 47.178862865228254 
2375.5789234638214, 0.0349, 47.1531918909032 
2377.492910385132, 0.0349, 47.13395882916738 
2379.415897130966, 0.0348, 47.10194205652813 
2381.6598806381226, 0.0349, 47.07636305769347 
2383.900864124298, 0.0349, 47.050814578953705 
2386.1358478069305, 0.0349, 47.01892179459651 
2388.3828313350677, 0.0349, 46.98071307064491 
2390.620815038681, 0.0348, 46.93622227097006 
2392.8677985668182, 0.0348, 46.89816079063223 
2395.10378241539, 0.0349, 46.86016690737547 
2397.349765777588, 0.0348, 46.822240394440726 
2399.5847494602203, 0.0349, 46.784381026187376 
2401.8327329158783, 0.0349, 46.75288268169774 
2404.0707166194916, 0.0348, 46.7277173792253 
2406.306700229645, 0.0348, 46.69630235927758 
2408.549684047699, 0.0348, 46.671203549711166 
2410.7906675338745, 0.0349, 46.646134185964286 
2413.0306510925293, 0.0348, 46.61483879002388 
2415.271634578705, 0.0348, 46.583589174135156 
2417.512618303299, 0.0349, 46.53991638156327 
2419.757601737976, 0.0348, 46.49633272446704 
2421.993585586548, 0.0349, 46.45904598819152 
2424.2415692806244, 0.0348, 46.42182427156071 
2426.4745531082153, 0.0348, 46.39085568761078 
2428.7235367298126, 0.0348, 46.36611314024245 
2430.964520215988, 0.0349, 46.34757504160309 
2433.2025039196014, 0.0349, 46.32288260892116 
2435.442487478256, 0.0349, 46.2735833336572 
2437.6874713897705, 0.0349, 46.2305397585495 
2439.925455093384, 0.0348, 46.19371430307913 
2442.1624386310577, 0.0349, 46.17532540358424 
2444.4044222831726, 0.0349, 46.15695235503836 
2446.647406101227, 0.0349, 46.12636576166935 
2448.8893897533417, 0.0348, 46.08971970730124 
2451.1283733844757, 0.0348, 46.04095614766824 
2453.37135720253, 0.0349, 46.00445659822611 
2455.610340833664, 0.0349, 45.968019497884924 
2457.856324672699, 0.0348, 45.94376269189074 
2460.088308572769, 0.0344, 45.925588206992444 
2462.336292028427, 0.0341, 45.90137967228026 
2464.569275856018, 0.0341, 45.87115767175602 
2466.8042595386505, 0.0341, 45.82891884456524 
2469.0572431087494, 0.0341, 45.78676370174928 
2471.2952268123627, 0.0341, 45.744691930183876 
2473.5342104434967, 0.0341, 45.71469153583715 
2475.7801942825317, 0.0342, 45.69671159339255 
2478.0191781520844, 0.0341, 45.67874684183343 
2480.2621619701385, 0.0341, 45.64286281437252 
2482.4981458187103, 0.0341, 45.60107453343352 
2484.740129470825, 0.0341, 45.55936825755943 
2486.9791131019592, 0.0341, 45.52368506000052 
2489.2270970344543, 0.0341, 45.499929514937165 
2491.467080593109, 0.0341, 45.47620050692204 
2493.703064441681, 0.0342, 45.45842113213729 
2495.942048549652, 0.0342, 45.42882187809296 
2498.1880321502686, 0.0341, 45.381548727353376 
2500.4280161857605, 0.0341, 45.34027089681089 
2502.6669998168945, 0.0341, 45.30495368078003 
2504.9049837589264, 0.0341, 45.281441481444915 
2507.1449675559998, 0.0341, 45.2696951446856 
2509.394951105118, 0.0341, 45.24035772331489 
2511.630935192108, 0.0341, 45.19935337639198 
2513.871919155121, 0.0342, 45.15258813200748 
2516.1149027347565, 0.0342, 45.123412141408906 
2518.3508865833282, 0.0341, 45.11175297771459 
2520.600870370865, 0.0341, 45.08845386941735 
2522.8338544368744, 0.0341, 45.05355315493071 
2525.0738382339478, 0.0341, 45.01870981891122 
2527.315822124481, 0.0341, 44.97813154251392 
2529.560805797577, 0.0341, 44.93763084043843 
2531.802789926529, 0.0341, 44.91452230353811 
2534.044773578644, 0.0341, 44.90297748340413 
2536.281757593155, 0.0341, 44.86838073840214 
2538.52774143219, 0.0342, 44.822339506338324 
2540.7637252807617, 0.0341, 44.782135408817325 
2543.004709005356, 0.0341, 44.75919588098709 
2545.24969291687, 0.0341, 44.73628119278119 
2547.485676765442, 0.0341, 44.713391293357674 
2549.7236607074738, 0.0342, 44.684813701099 
2551.971644639969, 0.0341, 44.65627466345707 
2554.2096285820007, 0.0341, 44.63347112659986 
2556.4456124305725, 0.0341, 44.605001239809496 
2558.687596321106, 0.0341, 44.570887897106076 
2560.93058013916, 0.0341, 44.536829510052314 
2563.1775641441345, 0.0341, 44.497163959878804 
2565.416548013687, 0.0341, 44.45757271847948 
2567.6585319042206, 0.0341, 44.4236963130662 
2569.898515701294, 0.0342, 44.3955074126205 
2572.132499694824, 0.0341, 44.36735608120941 
2574.3724834918976, 0.0341, 44.33924222420701 
2576.6214673519135, 0.0338, 44.316778056816474 
2578.8594512939453, 0.0338, 44.29433776459575 
2581.103435277939, 0.0337, 44.26632090072012 
2583.3354194164276, 0.0337, 44.2383411734899 
2585.5844032764435, 0.0336, 44.21039848987667 
2587.8223872184753, 0.0336, 44.18249275719401 
2590.061371088028, 0.0334, 44.154623883096434 
2592.30535531044, 0.0336, 44.126791775577175 
2594.5443391799927, 0.0334, 44.10455249988581 
2596.788323163986, 0.0334, 44.07123749393459 
2599.0303070545197, 0.0334, 44.03797503731194 
2601.2712910175323, 0.0334, 43.99923504552926 
2603.1892783641815, 0.0334, 43.96056611855934 
2605.427368402481, 0.0334, 43.927477699102965 
2607.993862390518, 0.0334, 43.8999436499425 
2610.2342941761017, 0.0334, 43.87244553652516 
2612.468725204468, 0.0334, 43.85047285995027 
2614.3960976600647, 0.0334, 43.82852308027944 
2616.9505894184113, 0.0334, 43.8011179857606 
2619.1980226039886, 0.0334, 43.7792195594094 
2621.117393732071, 0.0334, 43.751878514531285 
2623.6798870563507, 0.0334, 43.73003121464171 
2625.921319246292, 0.0334, 43.69730272049918 
2628.1667523384094, 0.0334, 43.67006779781042 
2630.0841228961945, 0.0334, 43.63743234839629 
2632.327555656433, 0.0334, 43.60484743997418 
2634.8910489082336, 0.0334, 43.572312924647065 
2637.123479604721, 0.0334, 43.53982865515499 
2639.050852060318, 0.0334, 43.50739448486985 
2641.295284986496, 0.0334, 43.47501026779054 
2643.5357167720795, 0.0334, 43.44267585854445 
2645.7731482982635, 0.0334, 43.41576846070393 
2648.015580892563, 0.0334, 43.38352499030435 
2650.2620141506195, 0.0334, 43.35669317329197 
2652.4954450130463, 0.0334, 43.32989557854637 
2654.736876964569, 0.0334, 43.30313212357149 
2656.984310865402, 0.0334, 43.27106092637558 
2659.5398025512695, 0.0334, 43.24437228994506 
2661.783235311508, 0.0334, 43.21771753125074 
2663.705607175827, 0.0334, 43.19641806163705 
2666.271100997925, 0.0334, 43.16982407823801 
2668.18847155571, 0.0334, 43.14326374571726 
2670.423902988434, 0.0334, 43.12203965423913 
2672.674336910248, 0.0334, 43.095539690676105 
2674.916769504547, 0.0334, 43.06907315335724 
2677.157201528549, 0.0334, 43.04792393683567 
2679.390632390976, 0.0334, 43.02151736612143 
2681.6340651512146, 0.0334, 42.995143999218044 
2683.8804984092712, 0.0333, 42.968803757210935 
2686.1209304332733, 0.0334, 42.942496561464196 
2688.361362695694, 0.0333, 42.910971437314714 
2690.599794626236, 0.0333, 42.87949365205702 
2692.8432273864746, 0.0332, 42.853298229066525 
2695.0836594104767, 0.0329, 42.81667956145827 
2697.3310930728912, 0.0332, 42.78012478113263 
2699.5705251693726, 0.0332, 42.748842801688426 
2701.8049561977386, 0.0333, 42.7228101271354 
2704.051389694214, 0.033, 42.7072060410089 
2706.2898213863373, 0.0328, 42.68641866387071 
2708.530253648758, 0.0329, 42.665651903811664 
2710.77068567276, 0.033, 42.639722387619315 
2713.021120071411, 0.0328, 42.613824949942455 
2720.3795244693756, 0.0328, 42.52601260124763 
2722.6259582042694, 0.0328, 42.489961422935835 
2724.8583886623383, 0.0326, 42.45910978997159 
2727.100821495056, 0.0328, 42.423173646318304 
2729.3422536849976, 0.0328, 42.39242031698126 
2731.5746920108795, 0.0328, 42.36171215888851 
2733.82612657547, 0.0326, 42.34126508668854 
2736.06756734848, 0.0328, 42.3208379978347 
2738.3150012493134, 0.0328, 42.295332182104346 
2740.5494327545166, 0.0328, 42.26985746076727 
2742.790867805481, 0.0328, 42.2393287388885 
2745.0353004932404, 0.0328, 42.21392217333383 
2747.275733232498, 0.0328, 42.19361914778162 
2749.516165494919, 0.0328, 42.16826808989521 
2751.749596595764, 0.0326, 42.14294777054525 
2754.002031326294, 0.0326, 42.12271359946067 
2756.240467071533, 0.0328, 42.09744843209904 
